380977145784
380675638125
380960444253
380930602060
380501704391
380958718288
380501989649
380963939396
380958748631
380675622213
380679130530
380968178751
380976767767
380672798198
380677686231
380984130000
380960678868
380979023102
380933516361
380507740151
380996667282
380505148859
380630138877
380937226275
380970895493
380976973815
380968048888
380968048888
380968048888
380504202088
380961002429
380981324415
380502494735
380979930788
380634915524
380671771555
380679594004
380637028144
380509328749
380933131521
380976686777
380976935599
380967604936
380957097822
380500334030
380675609488
380679890577
380664647518
380675640170
380964209221
380957824443
380989026075
380678466666
380937257070
380971802338
380973102082
380639302456
380500730273
380976439798
380981324415
380981206840
380501763287
380986131033
380677702551
380992720292
380509710846
380636016398
380676372737
380676377676
380637028144
380687089898
380664820410
380999646401
380979453686
380977824764
380984408933
380984334548
380636016398
380989021705
380992133340
380973333080
380676165353
380675668531
380666174900
380664940497
380933670331
380981949414
380962658168
380986940705
380636016398
380976636635
380507870944
380956736946
380503152521
380986906286
380980364246
380630573119
380960981544
380674151367
380999035629
380677898687
380667102984
380931935692
380982435941
380970180736
380980086233
380633811500
380963736777
380503088882
380989763767
380993991018
380681830350
380504828503
380502550989
380503613960
380974787338
380676304905
380962038322
380660672647
380963044882
380964073454
380686171469
380503635941
380965948719
380975203456
380981524934
380982864343
380978824400
380985481735
380960079911
380630573119
380994077482
380964700344
380996558706
380668658984
380974857553
380986838209
380990679239
380978112771
380994077482
380977765512
380970697865
380996369209
380668441462
380637924933
380730390333
380988969268
380687280436
380961966927
380636016398
380973285025
380683613221
380671138811
380638650857
380985626748
380689904499
380967550908
380508020480
380635843452
380737000110
380509991666
380639495506
380981218825
380976767737
380503209299
380675640646
380671030440
380958840662
380637531617
380980567804
380506171200
380988989955
380973644291
380676324186
380989852556
380678347059
380990022117
380675624583
380665262706
380951544344
380986837952
380950106317
380981573689
380989766169
380976500685
380976579745
380676224401
380503400810
380978112771
380981324415
380675918780
380933517830
380664779260
380957314306
380504522245
380956195566
380950106317
380676811632
380935489790
380672620870
380992819707
380677770260
380933017007
380507600851
380980364256
380953907755
380977923690
380676377676
380508689408
380958934742
380664997872
380674267037
380986833121
380667106770
380957822038
380994062516
380964200894
380634736981
380503801161
380969236672
380636016398
380932094300
380954563133
380977280560
380676352464
380995326040
380682600196
380667106770
380500337212
380984224312
380976808108
380679543796
380999429913
380987000701
380505909103
380985626748
380978991909
380504580880
380996022611
380675631809
380967398758
380981575977
380636481181
380675640646
380668354890
380505557500
380505744816
380675649933
380962440681
380636477119
380962186467
380639357956
380675674388
380630675214
380684810238
380950952185
380677153709
380956543095
380935257663
380993439439
380983571384
380689710600
380500484534
380962728685
380665338069
380679419839
380676365224
380675657041
380677307067
380963936056
380983099687
380984111503
380986579357
380676317333
380990855074
380984366735
380954631477
380983302682
380507058185
380676377676
380676165353
380974056752
380987171626
380958140656
380677193850
380671000859
380671000859
380633647246
380671000859
380994688393
380977830077
380675668998
380978859618
380982616171
380675649319
380939661050
380974010380
380972398968
380973856099
380676333280
380676934242
380673929810
380675674388
380968136304
380937253919
380959280927
380935489790
380678434099
380677887680
380977277586
380994682254
380687688188
380634783106
380634741526
380504510207
380979010179
380994533499
380637238454
380967849648
380678870100
380930437987
380669449144
380675091703
380980689100
380679324061
380973111950
380968182110
380981583199
380983653635
380503400810
380987628069
380938746172
380676377676
380679977330
380634273139
380674832209
380506557841
380930905299
380504577087
380987938508
380989887887
380503620614
380637893739
380974208337
380958662873
380984318548
380989716389
380679977330
380676333379
380500473998
380631133869
380979974231
380965596945
380976958037
380737575756
380737575756
380954876434
380672445248
380963425667
380503625943
380982691189
380938005725
380673154251
380677480835
380509434253
380503402446
380631737204
380667926762
380677191050
380675232188
380932440499
380985722552
380636477936
380994210891
380662818856
380500136900
380630353597
380503402446
380503402446
380981533049
380985192530
380968939270
380662126663
380976686777
380679013168
380986813798
380686823500
380963936056
380987758004
380980911257
380987758004
380736556676
380632006866
380931666059
380968173159
380675200550
380676301212
380676301212
380996257000
380660325551
380981572207
380986977777
380932786300
380985052928
380676387973
380671281993
380671488888
380979224048
380675644490
380990020706
380676372987
380505504810
380507645754
380981723491
380983645513
380673289694
380500730273
380673200606
380979014641
380674332269
380965596945
380676365946
380681702772
380987324675
380965376593
380633823606
380661248977
380503636462
380672498939
380503201715
380976636635
380976636635
380976636635
380976636635
380502846096
380969376746
380503424918
380950516522
380631257524
380967633311
380953702078
380666639789
380675680618
380633672804
380972934545
380957209354
380934038578
380963531506
380679359451
380672447549
380974022022
380736690822
380633667314
380976753484
380632950205
380506223334
380673669969
380955162944
380988849330
380997005004
380980525683
380992861904
380636477936
380970952114
380989623138
380671465449
380967633311
380736288182
380955295228
380663339767
380662059904
380689154377
380979237750
380990869529
380677412148
380636276257
380637070287
380676112779
380632353410
380968661664
380955551985
380979224048
380934100715
380501922132
380686984419
380509209904
380679868743
380633929283
380631643780
380990180851
380985378337
380969420485
380982312329
380676368700
380976308892
380979163270
380679270002
380667307033
380675656755
380992553900
380631600801
380990269546
380965495024
380999524449
380676386434
380675636722
380977826248
380505828845
380957531110
380970999809
380951823202
380506437885
380670077187
380635397324
380730478581
380964955938
380972604033
380506123254
380999852232
380981562767
380970000401
380675656755
380937123891
380506301777
380952460000
380955188867
380687927055
380987674398
380503755595
380675644490
380987644450
380968991295
380977771225
380501749044
380957520771
380506087738
380986977777
380505827436
380962650117
380964020108
380676382336
380964263047
380676366666
380634413508
380684612399
380676335454
380679999954
380679618292
380957078787
380639401424
380989988398
380987243591
380935898989
380673872157
380956042263
380689463930
380671359077
380974793226
380676360645
380677863145
380965348528
380673872157
380679522695
380967924474
380994042197
380976974867
380666346023
380661455544
380672426555
380932044117
380993656056
380662224774
380963041625
380730290909
380982950162
380675588228
380671503473
380679596479
380665541003
380631979065
380675641513
380980213032
380675993898
380504157608
380981572207
380675624404
380675645955
380503621972
380639504578
380969807172
380670772688
380634041052
380631626714
380671140215
380676117344
380677800256
380951544344
380974438483
380957078787
380677261034
380994515143
380684220955
380677083832
380983384986
380505370422
380676310140
380672925405
380672925405
380672925405
380679012221
380972573764
380977670158
380676329575
380961998202
380678139998
380675387258
380957094591
380986253328
380675668386
380730663014
380631623047
380966849925
380676302550
380673105757
380972643685
380952818122
380969376746
380688349850
380676304251
380675696922
380971811337
380735691439
380937295789
380633734291
380968660283
380679596479
380678139998
380676767711
380737004444
380675698615
380672766234
380967524636
380678680282
380683528223
380985166462
380972643685
380979881424
380968706146
380983303860
380675652830
380669777940
380660834117
380671303533
380950253009
380985166462
380962490882
380930013393
380985166462
380999555515
380933913155
380679441777
380686724953
380637556827
380689800090
380991007125
380983334460
380968743012
380670077187
380669309323
380676314210
380663983276
380973570940
380974317912
380953845050
380954131703
380684109438
380986902515
380688174805
380671000859
380671000859
380963609065
380969991191
380689054983
380997349410
380974486504
380965527225
380637252763
380958761225
380676315097
380992042722
380971811337
380662892626
380675692790
380953467767
380980106939
380985166462
380981562767
380675631472
380679868743
380968719462
380932765182
380981562767
380506063618
380990793779
380636703676
380990281708
380630636393
380672800805
380936659582
380686307281
380668182960
380962868808
380660301820
380675658445
380971811337
380660111777
380677685369
380506718707
380677154453
380934159051
380501448838
380980879326
380964505887
380962109102
380993030099
380968853606
380501501872
380676393317
380632994665
380632995168
380971811337
380974438483
380962415033
380684510169
380965073636
380967882213
380968743012
380678001179
380676226442
380973850818
380997176808
380974505092
380933887361
380961108156
380671303533
380960572507
380500379122
380935898989
380978161659
380985779370
380503154770
380676300028
380504532977
380673872157
380961051614
380952268525
380679945078
380666593837
380982502214
380672630068
380980034404
380975086875
380667798887
380988070003
380974303298
380673872157
380635330707
380986914899
380673872157
380673872157
380955076660
380504806350
380977323334
380637881074
380981573111
380991680836
380676305084
380666593837
380666593837
380987967991
380997717215
380662645828
380956003360
380673872157
380974765971
380977384118
380671933383
380993669986
380961051284
380981508141
380981229716
380505525485
380673872157
380970103484
380933064727
380631021991
380678934212
380673872157
380978001424
380683518298
380981161623
