380665727153
380983908801
380977610700
380957752327
380676357966
380660620947
380507810850
380989835813
380959280927
380676165353
380665461937
380972747071
380676339050
380675652590
380504862259
380676358500
380503201340
380675605818
380994564621
380504515516
380985767992
380674747007
380966439368
380973306895
380676165252
380995225942
380961170110
380981324415
380986889333
380505726007
380677142702
380674940770
380953442977
380663898872
380972111677
380504885353
380689478947
380964080070
380989175666
380989544405
380991298326
380677105993
380979321598
380685583840
380973030661
380733099114
380986931266
380676313993
380975332364
380685602871
380930944554
380974187021
380978317972
380975959606
380667477955
380963659750
380505408388
380676926777
380632793846
380675652926
380975088462
380507736222
380675652926
380679152221
380973905450
380504723031
380672045824
380996385993
380952751408
380944910997
380507892910
380955050726
380997970056
380994711502
380985038726
380664597295
380678477906
380675607100
380501481648
380971463120
380961664679
380983498913
380688864203
380683411914
380682225825
380688401158
380665317895
380687183108
380951779680
380964617321
380676231836
380933807777
380675668386
380994572708
380661775052
380996201353
380675179325
380631637564
380673085261
380981562767
380983326932
380963813525
380672764389
380667636080
380931930557
380671000859
380673339023
380677037819
380985559055
380955555590
380676282500
380988617137
380963770149
380972223163
380979320232
380993160038
380937345152
380986834784
380675631469
380674444223
380993155831
380636807610
380506173804
380675622213
380675622213
380506037344
380979284676
380675622213
380970252385
380989627133
380675234373
380675624016
380994460288
380636756950
380986996516
380981562767
380683333757
380967456000
380675232862
380971368791
380932007773
380509259813
380976694455
380980648467
380678086575
380676017914
380936503626
380504868558
380675601039
380673656421
380666602928
380989731718
380679446810
380673981831
380668892790
380979724186
380939546373
380986886842
380989269229
380678000040
380676282500
380676282500
380676282500
380967575319
380677590035
380678870707
380636150084
380676282500
380676282500
380676282500
380687681570
380676333476
380990010125
380990735890
380979164070
380978519059
380675909752
380958205533
380938540967
380955965242
380967456000
380979489581
380967456000
380982633379
380967456000
380976762376
380985889781
380965357427
380964267443
380679395466
380933376086
380975607533
380503636603
380676116261
380979727594
380668280391
380679882193
380679882193
380664870542
380683103792
380971657738
380973368486
380676345790
380976773593
380675608993
380502036457
380675443663
380968164667
380635596292
380963128064
380676332301
380951359220
380675450535
380986886842
380639333289
380667145508
380977735278
380676656458
380976943715
380980609304
380665744731
380984244441
380669368087
380637069194
380661250000
380931274095
380732618558
380677724491
380666627552
380504216225
380676220290
380504880100
380972837575
380968298026
380677724041
380974400133
380965548448
380952832652
380988566062
380660159641
380679127787
380963174252
380963767674
380981589150
380632345902
380989212261
380674530363
380674530363
380674530363
380678933794
380676272543
380669294958
380679702833
380959347772
380977281951
380661614855
380633697177
380972590770
380685910432
380663458785
380673751418
380984963838
380509131181
380503423895
380996217455
380689444429
380939754554
380680557688
380503631060
380965616030
380675689000
380989879911
380502314247
380634572315
380665841675
380955049056
380678712851
380952940618
380993118235
380681760007
380992504203
380930142881
380631438897
380637313385
380964950955
380976760552
380675668907
380676815082
380957319479
380684872110
380986962064
380960090747
380501579332
380676393738
380982176932
380984811818
380968048888
380504633236
380976356753
380930247357
380675392914
380934254490
380935761830
380984408933
380675175433
380675629636
380975963559
380505304914
380951852474
380957719663
380972230107
380985701597
380679845429
380992970645
380997203080
380662800437
380681811343
380982556464
380979326743
380963043765
380989834984
380661693990
380680564920
380631058230
380663087196
380994449564
380950004064
380961755833
380953976222
380973022445
380984408933
380684776575
380959212171
380675623153
380976978342
380679871301
380662828524
380975610958
380632390341
380965081500
380979942660
380960473770
380663748468
380952351036
380671110076
380952477646
380503403726
380970078660
380974003780
380684345327
380673518127
380632255563
380681518511
380689706672
380688390885
380509679755
380677759896
380933997212
380982498948
380988778790
380966448454
380672548066
380985640777
380977774402
380687643843
380675813345
380962094645
380675639690
380969775140
380665371562
380967996717
380978648080
380957855074
380987832063
380968048888
380664591213
380985507478
380993817635
380976829737
380665559496
380679745804
380676115119
380671565555
380674594540
380503631114
380504818609
380956276288
380986124242
380987511396
380669889911
380662132813
380503427763
380932590905
380637937953
380675679499
380673036377
380662636829
380678122341
380982805957
380639367615
380662411950
380975290349
380672827633
380735200058
380679519258
380976348323
380984263317
380676535855
380638163715
380971148929
380505951312
380979861152
380977153373
380637568511
380957368073
380991090097
380503621978
380987180490
380676063606
380979783892
380671183763
380676354817
380966732468
380961912050
380986931266
380673483480
380679557872
380994853184
380502592589
380968484300
380964280743
380508479703
380967843604
380666140910
380685233750
380964749961
380995484311
380970056233
380501426834
380972414253
380672811050
380967915832
380639609278
380504449497
380939924737
380688561779
380999860514
380676851157
380930625312
380988956304
380676282500
380973474165
380970664504
380667899292
380672825386
380935229878
380962426363
380956876352
380505363269
380964816704
380502550472
380966799550
380979404076
380503426286
380676369497
380633964015
380679118236
380965551763
380980870518
380677459713
380676339050
380981562767
380978283708
380634262350
380500476862
380673031702
380981562767
380981562767
380934857817
380993887441
380953884493
380636396838
380672676348
380978771770
380934078887
380505920700
380676377676
380967426164
380509764006
380956943781
380969291593
380933857842
380639908999
380676335915
380676392927
380937734759
380631067428
380969863064
380672835539
380679829252
380737004444
380676276141
380505472697
380977810544
380974881000
380669525615
380679868743
380674909916
380680867345
380733633020
380931172374
380931172374
380665568088
380986906505
380937811014
380936284304
380506376187
380633555723
380507092522
380507092522
380635008288
380507092522
380507092522
380507092522
380931172374
380507092522
380507092522
380677367667
380507092522
380975203456
380679000007
380507092522
380930533335
380507092522
380956873970
380966609416
380676303557
380974737251
380967456000
380967456000
380671400393
380671400393
380671400393
380671400393
380671400393
380671400393
380671400393
380671400393
380671400393
380671400393
380671400393
380671400393
380671400393
380508092832
380673384888
380676520556
380987775832
380974574440
380988224488
380969333047
380968603959
380671000859
380679743506
380991424445
380968809144
380685044444
380633032173
380667539808
380675642450
380675642450
380676520556
380675657779
380676520556
380676520556
380508530165
380953464856
380981562767
380981562767
380977071285
380982446025
380975272556
380966370350
380982594149
380681096096
380674540588
380676339050
380989977690
380636759310
380967456000
380994055338
380994055338
380981507018
380683381708
380930705555
380674994481
380501884066
380933886465
380501884066
380988072777
380988072777
380996557717
380737004444
380673384888
380969635956
380664638508
380671400393
380972892828
380676301209
380636027056
380960903877
380684940303
380961131799
380672925405
380662986875
380977810544
380675246354
380676520556
380676520556
380676520556
380676520556
380967456000
380977785715
380507092522
380672607572
380671400393
380930073728
380675650048
380507338644
380955787912
380671503473
380676520556
380676520556
380676520556
380676520556
380671400393
380967456000
380509927769
380675618942
380635978627
380976763628
380505899013
380502808080
380502808080
380502808080
380633824028
380678650272
380508187964
380683539034
380506900197
380981079162
380676339050
380962487326
380967456000
380666247972
380505667453
380955528844
380639908999
380987874436
380977384118
380675695278
380930072727
380675689000
380972911297
380979916000
380996367607
380676520556
380676520556
380734844888
380931172374
380635649049
380503633020
380967456000
380982123220
380981562767
380981562844
380686981502
380661267929
380957796999
380735002022
380632508926
380976456725
380671400393
380676372622
380967112609
380961224439
380665517497
380632468714
380671254172
380673358254
380989561318
380502808080
380502808080
380970377579
380501049656
380986951826
380509594929
380730168471
380992685858
380980742634
380960002299
380951162764
380637247023
380509744066
380502808080
380631882225
380959050321
380502808080
380673185901
380660422685
380666656576
380964411310
380679137828
380679137828
380671400393
380632362717
380670052000
380954405747
380931012721
380931012721
380956816375
380683902100
380677831151
380676634596
380502808080
380969024343
380978824390
380639772957
380676951300
380951776335
380676358500
380676520556
380671215522
380675640251
380978771770
380961827887
380676520556
380930784004
380674774848
380678707701
380951863412
380674093700
380663326669
380676520556
380676520556
380638239490
380954785004
380968076740
380639908999
380677077795
380676339050
380676369497
380954731033
380509750190
380667512351
380978817778
380671400393
380501905024
380676339050
380632508926
380975761933
380972701221
380509776757
380632468714
380967456000
380965488350
380959015910
380671832377
380982110767
380509513830
380665718779
380960000795
380970130013
380665838461
380671400393
380632508926
380682322020
380676339050
380687685115
380634381435
380675622213
380675622213
380934545192
380503621146
380671400393
380671400393
380965989796
380662311032
380665686362
380671400393
380671400393
380962422727
380677802610
380982166660
380677371182
380671400393
380994535906
380683902100
380676370478
380968372370
380509091089
