380660008676
380674238139
380978872881
380509967267
380980908770
380982885844
380981961404
380504571290
380981562767
380997889042
380687843169
380666382925
380503401305
380505047492
380974783142
380981562767
380951823202
380976636400
380987751759
380984400800
380672889687
380672445248
380963564270
380976372636
380674916672
380682089120
380676328242
380981527100
380675236472
380989602092
380664430207
380980903488
380671124219
380983285006
380977935486
380985640777
380985640777
380985640777
380981785308
380985640777
380985640777
380973527533
380663937018
380955219268
380971331777
380930146337
380731975007
380980310063
380990008603
380638957655
380965762777
380504584580
380660076769
380634624132
380978402115
380984474222
380684085590
380970750651
380677184676
380979355316
380677787408
380965596945
380965596945
380965596945
380964689657
380985640777
380675640646
380675640646
380675640646
380635501957
380933468841
380639390550
380634308717
380971000861
380675675191
380663714813
380665413597
380962823242
380995691779
380673165026
380676394545
380980049957
380639865109
380669477709
380676307907
380991668771
380980098810
380667625706
380687847982
380985203035
380961904893
380973722122
380992061521
380969821443
380978108826
380994104463
380978692910
380973111124
380963745977
380997535823
380988190978
380953079281
380970273787
380687674517
380969022290
380981921323
380932795227
380968048888
380969848228
380951209558
380970278184
380631544880
380974385243
380677756008
380955989908
380990082777
380952034856
380661439745
380675675835
380978016510
380637020854
380969839292
380956345582
380505515974
380956371618
380672814062
380977499466
380980384848
380676358500
380990369568
380503401033
380985882947
380680283784
380506858584
380962294688
380972094303
380506038941
380995542309
380671382218
380973668013
380676200800
380950652370
380967664559
380631033669
380503611946
380933232403
380661789009
380977906484
380958095743
380509857034
380687897257
380508886171
380669054112
380504238660
380965458166
380972080058
380981990100
380967577573
380955689641
380674538230
380675689000
380664030588
380679700555
380737770800
380951026604
380665082265
380979525314
380962888080
380675622213
380974010380
380979226787
380675620132
380971679677
380935196604
380675694404
380968547993
380994529870
380964366664
380507668863
380636848394
380689749115
380737021021
380666350108
380635515528
380953389310
380675685719
380967326238
380677965449
380999237307
380979142776
380675628997
380982918480
380955591419
380987373240
380958827190
380964934041
380674981509
380933907682
380967801801
380994903688
380972133755
380968571300
380975425009
380958903142
380968170737
380957831836
380505902443
380632750210
380671503473
380958092351
380671503473
380675691291
380677930086
380984408933
380678864733
380965177777
380675658906
380639442020
380979772138
380664687268
380982414007
380676102372
380684513100
380665414954
380672880983
380965879895
380666004797
380963707022
380957945903
380636532417
380933241953
380638919907
380676395598
380664539862
380980134413
380677352424
380976340093
380667966875
380973972912
380994725440
380931136666
380971521977
380677559737
380677876545
380930543032
380675089060
380992005897
380676979497
380674161194
380675443979
380502681517
380933394940
380687912121
380683681657
380936866828
380954362792
380675626363
380987478318
380959198466
380506311946
380967953757
380509033495
380961382323
380680181415
380960264676
380974787338
380666212110
380636358077
380502050608
380639777429
380667641948
380961742224
380676978199
380503621027
380675621859
380679933966
380667889679
380969576690
380981737701
380974615786
380934298665
380982306429
380509085800
380508419370
380956765245
380971713054
380991424101
380969211001
380660750884
380980689966
380989751118
380981724480
380951600383
380681223042
380509987972
380972072233
380962595457
380502824755
380933753767
380687751697
380957942297
380981780385
380968282785
380508181303
380982601607
380965902337
380952216637
380632990907
380739100377
380975550063
380676302737
380973031300
380971327777
380979320343
380676647159
380985640777
380962152282
380675103555
380962584958
380674333281
380675677073
380687850261
380503206153
380980230244
380675646117
380995003235
380682309494
380509815252
380974423359
380953695882
380689723395
380988124594
380933020101
380991255834
380677823996
380676302570
380977928866
380671400393
380675225899
380985236251
380958439989
380737002002
380970406057
380678901295
380976295236
380686384196
380955662426
380956251017
380662194485
380660184221
380982865945
380676341571
380665191063
380961107801
380734105588
380685738581
380963629935
380959276171
380994593029
380661284624
380508016504
380967684468
380677900770
380667558193
380674333281
380676309808
380988223268
380672701009
380675226664
380961062876
380955471665
380662948046
380935451149
380661121777
380955471665
380982040424
380674241268
380930052058
380684799612
380953411300
380506265624
380986886842
380636704966
380675604788
380663240565
380633066142
380663374377
380634867961
380684458280
380985912647
380675636882
380673940766
380635217712
380974200904
380953042384
380985653374
380986886842
380986990546
380679109438
380969284010
380663588600
380952592498
380955591695
380504381172
380974475713
380974218880
380980045225
380676366666
380936852113
380979225887
380638860707
380996344282
380955198480
380982132222
380675396667
380961188473
380986886842
380968128271
380664096752
380971880201
380630602548
380500626619
380676485751
380675129030
380683569392
380981562767
380671772282
380960401221
380635641717
380670080017
380687715973
380667271051
380660329049
380967663749
380969058175
380684828718
380968094892
380673050261
380675523490
380682502107
380993118240
380999551771
380985112161
380504511810
380975108265
380995198836
380675604493
380638860428
380502351588
380674412996
380505894730
380677094979
380675228760
380966424520
380934114879
380982429158
380677562631
380501998765
380933522854
380978067781
380979152270
380962511371
380997959568
380674412996
380972167240
380964700344
380982771093
380939916654
380985166462
380506128888
380675414677
380684225611
380992977550
380956433551
380984646444
380967983828
380937112373
380978845559
380669311601
380967357674
380987985832
380986429106
380508617338
380687494131
380962784617
380977076702
380939338313
380505155004
380962319146
380981562767
380663577750
380675657345
380509421197
380635101211
380985767632
380976902774
380995170444
380677774774
380968613532
380678781780
380502808080
380956865900
380980384848
380964780224
380981113131
380957189138
380978241288
380971443649
380671590003
380675404045
380675603354
380935025250
380502029463
380939343878
380981562767
380954400080
380503633638
380993154546
380675397469
380982425392
380974602454
380981562767
380661947390
380975903449
380686400227
380963708235
380976503464
380675653297
380676315440
380969927185
380973066469
380675677707
380954810171
380672925405
380965555845
380677752517
380681883374
380674609250
380677003773
380668761229
380951417714
380666678866
380975939708
380679522695
380637504269
380675578651
380663544624
380967705882
380505802801
380676304942
380956049369
380679002946
380972235181
380973306768
380675646526
380507652767
380730117025
380987005244
380933018804
380952017539
380966730416
380660329049
380687762000
380972662552
380635822963
380935792299
380959382808
380950320326
380505351461
380507308218
380971811337
380661500202
380662202617
380660329049
380673473195
380965428789
380981562767
380675650048
380634307666
380981912508
380963642772
380964820580
380661710478
380964259371
380660329049
380679107006
380981562767
380673533187
380933390001
380975063777
380974518941
380981562767
380967505070
380675634372
380675431717
380972636409
380675673383
380962451705
380509201162
380965208208
380993559294
380677114153
380660561828
380953998703
380675666787
380676314573
380977774267
380675177197
380663881338
380930700727
380676369497
380505579248
380976683999
380674994970
380672531634
380677550435
380664800197
380968100250
380981781244
380986886842
380978008120
380933033086
380680052828
380689473858
380976784729
380508819100
380980719865
380974111877
380933037233
380980950055
380982783372
380966841767
380500303753
380676113664
380986617262
380967997996
380970964532
380680752535
380980893272
380975200058
380678018066
380973680431
380677260513
380636510827
380974994053
380972724108
380679211434
380984455200
380983776240
380972086038
380637163078
380959280927
380688879786
380680562362
380660581109
380630424333
380684003105
380968374527
380503627788
380638102292
380997644877
380974371129
380634626031
380984122888
380675898952
380676361416
380956576626
380956934181
380672610189
380502326132
380505944355
380678706989
380983887653
380977071550
380730892445
380985778333
380976488484
380633743059
380966187079
380676368700
380675624921
380987952697
380509761427
380675640646
380971005075
380934070564
380505951867
380730506080
380933685536
380982578887
380637531965
380978537588
380964337856
380680086829
380667914656
380978387653
380637521857
380958432406
380969695919
380981967766
380675992404
380963524988
380939140900
380993135969
380673925770
380976745007
380667805516
380684333251
380675650580
380675622213
380937226122
380675695459
380509509268
380671400393
380985166462
380981283234
380677779272
380977810544
380992117780
380679532286
380939054400
380678756816
380675686053
380951577443
380664836105
380638588887
380938903505
380951220143
380939808311
380979516576
380639947734
380982420330
380679424903
380952177798
380979834370
380936725703
380687670776
380952113152
380677083832
380675621140
380688518283
380639000688
380997900127
380679742090
380985045000
380685132442
380997084209
380508276447
380980332297
380977973128
380978977688
380992718800
380988757476
380934070564
380999716282
380997284864
380673666776
380504510916
380504817070
380997899919
380679903663
380999851570
380939808856
380971204509
380637457307
380997899919
380676387490
380986511269
380994485654
380682914588
380507517537
380985166462
380993135969
380682914588
380986898812
380961419191
380682180364
380964181789
380639517564
380688554546
380974896517
380985166462
380509201162
380986592754
380680277377
380675640646
380961924769
380964436906
380673872157
380675640251
380955024844
380670119032
380687170678
380675622213
380677369344
380675608784
380977896842
380933528993
380977212652
380990544619
380506557841
