380956133777
380992148867
380968603131
380668674969
380982564296
380676366666
380967617302
380978576888
380968693609
380981513079
380676317765
380972295468
380987865875
380674203166
380662297770
380678277700
380637485507
380985166462
380673872157
380938727185
380963686589
380933290947
380672099622
380981161623
380501869612
380976064162
380953467767
380981743087
380978576888
380676303460
380969391188
380930708780
380992946156
380979053757
380939239380
380680052364
380637982161
380506261439
380689227375
380631782308
380981599840
380938650189
380675634381
380673872157
380978483433
380984444134
380973779261
380976495259
380979147971
380689683695
380931099346
380679234351
380683602842
380956129171
380673820082
380988277333
380673872157
380636517755
380501923447
380970050990
380979818184
380636575597
380636170405
380971830033
380674286951
380969398968
380955492353
380930023135
380931204060
380974491177
380679728414
380675599494
380631224075
380974511696
380634907889
380960408044
380679150058
380667131388
380675404111
380677980818
380986593403
380979273597
380967456000
380503621563
380671400393
380660137959
380676329549
380689219998
380996607388
380676313252
380501514726
380676942628
380986886842
380675228449
380682374482
380671400393
380671400393
380677643825
380967142515
380684260206
380671400393
380671400393
380671400393
380671400393
380675281005
380973637900
380509722504
380931039363
380676383749
380976560477
380688925720
380675397393
380665769369
380968743107
380678831403
380667277593
380671717779
380980138352
380673981831
380661330166
380994619189
380682056003
380677273797
380671444949
380954324441
380502031233
380930253420
380505733048
380634790038
380689489448
380981562767
380957485505
380679260837
380955391260
380673872157
380507640700
380964159961
380986814001
380504518810
380977971150
380634526624
380672935855
380672935855
380993244610
380687883753
380679439677
380972317942
380953697888
380930449421
380969122013
380984224930
380505013327
380667277593
380958897039
380983153888
380932335713
380678420368
380958813724
380660092098
380507487498
380971262287
380673030160
380981955405
380678387270
380636511761
380688716080
380980064415
380968722760
380989212261
380952496636
380668508363
380970538787
380997491213
380979090233
380503616510
380672762014
380968636175
380951534147
380661502215
380675612522
380967858832
380679516905
380991026115
380508580645
380988313911
380673934475
380671224870
380672677825
380963367948
380932157919
380638174676
380672798198
380997902909
380673267180
380967818815
380978882485
380933284490
380975214802
380951760385
380971417927
380689941706
380983432835
380636477119
380674752636
380995623699
380974792698
380977970777
380676383541
380686040270
380675689000
380679695869
380667186010
380634245566
380962486029
380679537905
380671440188
380976295236
380977826248
380632318928
380962236756
380688388103
380968147416
380951087074
380960009675
380982451845
380980335588
380963801100
380961313668
380980423697
380509358739
380989035737
380634354389
380634354389
380964749961
380671601271
380637569727
380681829263
380502200145
380665354134
380980660458
380966576626
380939606060
380984779981
380678459392
380507146494
380688388645
380969785003
380678004543
380957363818
380506498437
380503403726
380509842880
380963708235
380688913965
380508418049
380976309822
380988257431
380637992915
380973827314
380954726640
380977781488
380504545513
380668174222
380993873754
380675657105
380999221833
380667277593
380957097993
380951363776
380661362566
380634354389
380978833156
380971123239
380675627217
380972801511
380996853568
380951786409
380677608834
380987502829
380675689000
380957883385
380981247335
380963805604
380687408057
380982132222
380982132222
380954907072
380500250519
380996362569
380677998519
380675171640
380986877272
380671652288
380675649933
380664800197
380664800197
380672584408
380687371577
380968654727
380639418200
380507349840
380988849330
380967263916
380970844625
380505846339
380985579148
380508091879
380985828518
380667543676
380979166448
380987110661
380994548948
380983396535
380963201697
380997472160
380964069909
380964855127
380687076034
380934682511
380950316615
380676427777
380509659292
380984611156
380985166462
380675232188
380972228776
380738023447
380502869682
380730866082
380505356973
380689477737
380980048080
380661433028
380982251899
380668362463
380675640251
380731334340
380688408024
380972131143
380933024777
380972797218
380989586565
380981562767
380678616161
380675442220
380988882588
380678387111
380676544441
380686544004
380733330775
380502227706
380668658842
380985591980
380974250222
380633321777
380678426511
380734009700
380968224173
380962723682
380973718662
380686807846
380673355345
380980706801
380678530886
380962642250
380951021579
380965110238
380932142199
380954326662
380509262896
380638113394
380955940777
380970179558
380976694455
380676391777
380986886842
380981562767
380501531209
380676302226
380662717333
380971381901
380958790425
380972537593
380983864403
380997660512
380632052557
380959457740
380978513233
380665115994
380688912577
380507531798
380675654934
380502851272
380633743059
380675855528
380633743059
380633743059
380633743059
380633743059
380633743059
380633743059
380676398333
380987202112
380502504555
380680083504
380687635711
380978217002
380667111938
380989094773
380636754018
380978898137
380985829827
380676282500
380669522807
380680382588
380966117788
380937791261
380952627299
380981562767
380968616848
380501849200
380997800924
380675617638
380630580010
380632845592
380986837942
380677349449
380973038116
380686889647
380665932082
380937405560
380968261026
380981562767
380673736161
380981562767
380981562767
380661729045
380505350747
380992982612
380931044903
380981562767
380981562767
380630398218
380969271120
380975430184
380976933488
380506976848
380984076714
380967252523
380930591494
380685601277
380984154428
380981562767
380997783243
380981562767
380968348905
380968243123
380974799847
380675623555
380675666026
380661190500
380954234626
380981562767
380684771885
380955997888
380957786526
380677167402
380680052808
380987674398
380671565555
380935663048
380958665210
380968227500
380507717222
380970917990
380632157597
380734428933
380636487559
380994520809
380677230903
380979039400
380965278603
380976910079
380960103103
380633671356
380685623878
380676814550
380678630647
380964200425
380970005200
380990050288
380988849330
380660329049
380671361762
380970205815
380677700252
380962330888
380686981502
380500516344
380675232188
380675232188
380992968874
380675966209
380992968874
380985054664
380988722727
380637671656
380975088353
380987559978
380958769636
380939857785
380973057032
380964054349
380668492426
380984512822
380989866942
380968627299
380972590770
380981241256
380939010090
380967302281
380667276139
380638501844
380684183830
380982779888
380972507497
380962172671
380965779282
380970022639
380980046786
380987785868
380677646505
380968012016
380975086875
380962066667
380983492568
380679445580
380950421388
380675238577
380677226471
380687670776
380676496210
380674184755
380672668928
380965198564
380966363553
380976683999
380635568644
380976252222
380689293010
380668303914
380970485853
380997006167
380675397435
380955234873
380683970316
380674163091
380994577515
380988926997
380999461254
380979111187
380677867192
380687520070
380962066700
380507225679
380986886842
380999571554
380973579367
380675117410
380934883545
380979221745
380974398329
380992377114
380672880591
380677549453
380952332006
380977120404
380958079380
380974406561
380983032112
380674384816
380960079669
380971797717
380934605735
380671650713
380675647015
380676385747
380972766561
380930887885
380970970048
380637957585
380501457212
380661576685
380674304848
380986792509
380965941167
380985348313
380637310876
380675234373
380664369066
380976140157
380992270058
380639444157
380976942927
380663776050
380984337894
380986872070
380939915368
380661088152
380971385336
380978262756
380503205056
380963594482
380676314571
380976032377
380963631310
380951923996
380989642445
380968441118
380632616867
380987978371
380636977996
380676401199
380972819345
380503621071
380504711874
380665557500
380672948511
380667100010
380954256518
380684229024
380638610860
380671829904
380680161800
380638387745
380662057970
380982436051
380974814726
380673372002
380969103737
380668897291
380731789009
380685738057
380689473858
380984960727
380679717288
380986898008
380671530920
380970422628
380505955492
380688920768
380637530937
380966744891
380931172374
380673872157
380502160548
380505774570
380996306025
380978334676
380684928483
380666320523
380984174294
380671565555
380997736401
380990664954
380675465619
380664300106
380660329049
380962918186
380679814746
380972981506
380673565913
380680748271
380951988168
380678852599
380969055338
380683432785
380955577783
380505147482
380978992641
380509734037
380667144634
380679157358
380986170559
380683081480
380505146732
380968048888
380671348942
380995582532
380938370466
380507506325
380932709462
380997540111
380980006333
380634565861
380997204849
380969930201
380968277871
380970030408
380667279134
380682072746
380665358777
380675643201
380985166462
380979153042
380669068645
380975015005
380501580999
380687229343
380971894702
380686961010
380731765187
380991712377
380969972254
380994681014
380991108711
380675396667
380967625335
380687421028
380673881936
380991412120
380664733367
380732618171
380934240331
380672865609
380677324891
380679664374
380631281821
380931172374
380684550069
380507146494
380675606288
380967895063
380986886842
380995124435
380671565555
380979145426
380639623070
380682511600
380636917621
380677700857
380967696170
380730664662
380660838465
380952358454
380965002830
380966595547
380981522922
380967456000
380679140792
380505177576
380960830369
380982432681
380679282502
380666261312
380977213742
380932051895
380506463741
380667957530
380992466894
380676869046
380930955024
380504581634
380675337517
380676315115
380679756062
380660329049
380989882120
380683980620
380976099754
380991346175
380674205450
380679145154
380964889118
380986982882
380933789155
380665631704
380975008970
380973378299
380986555505
380678101714
380968485738
380937314323
380680311777
380977402300
380976875647
380688500585
380988742360
380976232950
380982342884
380971556625
380683601789
380675626535
380973778069
380683800739
380676335818
380985654219
380680051381
380673232020
380975689460
380679885146
