380671400951
380733587530
380985166462
380991001520
380985166462
380985166462
380988870448
380500785535
380662996235
380967279827
380634740289
380967777277
380506171409
380962151515
380969882017
380985166462
380951258557
380974277577
380992280563
380989114357
380684497744
380950292504
380675621140
380663452836
380938529840
380988878410
380992037129
380985166462
380660359894
380671003950
380976740667
380676305195
380938588188
380632508926
380634924908
380503660663
380680257240
380985166462
380989383876
380501049656
380676282227
380675679311
380675116193
380986978814
380672925405
380930506427
380675640251
380660329049
380684508585
380991189787
380681000017
380671000859
380954208636
380636864954
380664759612
380685522478
380974501757
380507679789
380663453702
380501607012
380972326565
380509750061
380984088782
380935380414
380972542507
380987131624
380955667671
380984305523
380665999281
380953530346
380679349640
380976981898
380675670953
380504531403
380506943413
380685543141
380980417434
380637388898
380979023102
380985027726
380687226070
380688689777
380634139224
380977810544
380986597980
380500129590
380684249105
380675595665
380986962467
380974993675
380933886035
380986983985
380671337733
380677154570
380660443955
380977322272
380636606577
380675578080
380668365408
380973110000
380937458373
380501596240
380966300170
380672500745
380969993567
380968442558
380965345662
380978568055
380979058104
380679674284
380958208783
380934021386
380976489706
380684044401
380689233008
380675622830
380664245936
380968735330
380676544441
380677509267
380635292038
380639889626
380668038306
380500316847
380993716201
380955553229
380950620751
380638303772
380675622213
380973618307
380500561194
380968915068
380981174340
380996491120
380675622213
380981207524
380676339526
380501396178
380974802973
380669364310
380979056285
380990889640
380508199344
380977877707
380632508926
380981811885
380669369011
380981562767
380632508926
380632508926
380981921323
380971882722
380505175011
380980904504
380975624069
380981562767
380970561990
380982639901
380636302976
380962593220
380687440712
380679780969
380939253098
380503205287
380994654268
380933716618
380981562767
380981562767
380982727943
380967107600
380981981188
380962681165
380939470202
380675126904
380933859559
380979565894
380989835893
380501526498
380981562767
380931893069
380972773748
380665585858
380965596945
380965596945
380950267995
380962170907
380631318219
380667277587
380686784135
380962558988
380675537147
380684074604
380676338752
380965596945
380965596945
380969508225
380979851017
380983611999
380669303185
380932025224
380986013171
380954006279
380505807891
380632212879
380972867970
380930468888
380509991666
380968867373
380980330304
380953399588
380668026296
380663410657
380989465812
380674387819
380919210543
380984408933
380688977773
380676368029
380969099939
380637961403
380676369497
380661700242
380983133312
380500680620
380995305751
380675350302
380931212007
380675545222
380664297344
380635230869
380969842389
380504588322
380977212252
380930068554
380672612343
380962580502
380938809888
380500454015
380976493766
380660676395
380981562767
380951159466
380676282500
380673872157
380679431900
380970883248
380967957627
380638588480
380672541424
380962470899
380665385788
380989252939
380509127038
380672048467
380977230327
380960286819
380979488187
380962938387
380665921490
380999171491
380675674323
380979285000
380680470780
380968220801
380996400959
380984341895
380980829620
380677255084
380962046956
380631727963
380970920203
380977000037
380988400057
380996124667
380672777680
380975334633
380957306006
380972637894
380675640251
380997301840
380636060086
380981562767
380994619810
380963305006
380731334084
380981562767
380667277593
380687024076
380955555590
380675606473
380505475797
380635716002
380638851677
380635145843
380972429187
380676943333
380673872157
380673872157
380676361150
380669764763
380971726383
380675640251
380965124923
380505910895
380956374523
380563777777
380981284040
380636058275
380963770480
380664057537
380632121580
380671000859
380682223320
380661127839
380962686875
380971510742
380982691189
380734200114
380675622213
380675622213
380660084521
380676383884
380982691189
380504214663
380986969247
380985095551
380967530113
380508816444
380986216868
380674564420
380937211268
380990214801
380677741726
380957177780
380963981087
380971911622
380957696674
380961366405
380979695274
380981204050
380661127839
380967904505
380630377337
380931140544
380504803460
380984204260
380675621668
380730362724
380503620972
380993617172
380672925156
380988350454
380676301212
380978790743
380679550050
380982333233
380973636126
380961812007
380505552542
380986802970
380951015637
380981005720
380968315993
380960982691
380999127127
380962335457
380985242565
380981201574
380930030090
380675647788
380987653425
380955798523
380664237521
380978995684
380679024836
380990767195
380961244589
380934588923
380507559321
380937407599
380634107515
380983043439
380734123074
380970793300
380638988699
380502413776
380980286645
380675687119
380675630744
380972923629
380504538403
380961357097
380974101040
380980211111
380963714324
380501539025
380668848805
380956098093
380688874203
380683328325
380996418820
380930600569
380505352552
380677029884
380662870325
380672976699
380966115210
380970407616
380672607572
380677262828
380994878555
380978396255
380637541621
380664817849
380505673473
380966899540
380679862102
380977937378
380950054992
380951091191
380967759252
380675643772
380970750651
380675618101
380663886879
380504157608
380980411717
380931212007
380672857826
380982823400
380962840732
380963106565
380972866288
380952042880
380930690088
380963498890
380675390197
380964739216
380504826267
380969939363
380972265019
380970441588
380639523073
380667926762
380967872628
380661190500
380995270505
380685010087
380996659005
380952307711
380988239213
380991234111
380972300810
380962234363
380505202503
380661214674
380685499458
380961339486
380982402340
380967552417
380976766346
380972756966
380503626727
380960572507
380962095187
380671042532
380675415610
380979152270
380679542800
380933066424
380632963798
380988088478
380972311890
380676028786
380632151110
380951165000
380990897935
380509497409
380972053155
380505148523
380955784151
380509094476
380676319261
380508338926
380934582199
380979038801
380986089747
380973645762
380675697383
380663326669
380675390742
380663782112
380972733256
380965908765
380677794579
380673955640
380957544567
380990560539
380675621345
380972330888
380666146675
380509679755
380676346348
380930690909
380930060329
380978505603
380679070033
380638614823
380677621801
380951582223
380507332779
380668980178
380985278887
380981721192
380991108711
380500325484
380977466492
380508706300
380509083518
380673945454
380677334525
380983406060
380679728965
380956563572
380638446776
380507818713
380500307378
380986950032
380505119340
380506061901
380986553234
380955475928
380980673890
380674335401
380675926084
380635886289
380932609088
380676328879
380972892781
380676008829
380507056822
380936517280
380662215041
380973636699
380958805360
380678934898
380682776765
380631452391
380500426517
380961519451
380660641737
380987198688
380963456768
380974398492
380674298921
380637844924
380986532020
380664658904
380972593175
380977098497
380976557552
380672732327
380500730273
380930892959
380969917314
380680084639
380671732710
380976503240
380931478714
380675832895
380689341347
380676486400
380636534610
380509336066
380982561350
380965912860
380955480112
380980070588
380982384664
380505747790
380675609393
380676382530
380954705817
380980363176
380964772610
380987670886
380666861199
380676304254
380963371653
380674201490
380664009922
380669278167
380688590219
380970606472
380936260310
380935631007
380969064003
380686116808
380669400556
380660534023
380986090147
380662426353
380684249103
380638966832
380958431995
380982408671
380631070440
380505200876
380631070440
380503402366
380660990660
380990387606
380662874682
380970005127
380959280927
380993777778
380970179557
380506189253
380973355353
380677344476
380980500538
380671996313
380676907280
380675689533
380635656238
380992449850
380981723491
380986091952
380953328528
380932525306
380984242108
380999744371
380970952875
380507462146
380684223654
380995697880
380634282186
380995561575
380675726056
380681759738
380731199777
380676303910
380660795916
380733121800
380982922623
380934515817
380677813552
380506535973
380638501844
380971707416
380732231415
380673870007
380636920633
380985348367
380677685490
380631258839
380953184088
380987172698
380502227716
380676301650
380969626969
380994584648
380962007505
380962843209
380504807575
380989470707
380955457372
380679109402
380978603337
380509441223
380983735790
380974783052
380976926422
380982400315
380955188867
380676338068
380959032965
380962854955
380978970508
380505857306
380962503629
380954561259
380955731670
380632030056
380679600005
380662284170
380995037626
380955490253
380675668386
380505779787
380639861271
380956438668
380984256485
380666260848
380964720972
380674753700
380671887464
380675657837
380985053118
380676388638
380664559013
380662838572
380978786266
380934458741
380993178209
380675644133
380673774837
380930564881
380984952222
380504515059
380663898008
380970909902
380631248288
380672765221
380675218131
380986888900
380676240200
380952593022
380960077779
380734238448
380689084219
380662275388
380968168326
380631329516
380934307989
380971561181
380975644016
380958151215
380501473421
380676382489
380660329049
380687224646
380963775006
380933696396
380503632535
380985888688
380674773099
380971043910
380677303430
380676313186
380954095813
380969325650
380953111466
380730395779
380679203582
380981921323
380677796827
380682335533
380509700467
380676341516
380973084242
380986098836
380679121882
380675645575
380676112883
380676304904
380953397500
380661369185
380636027056
380675622213
380974048144
380637997615
380678542000
380984390101
380675635947
380984455388
380973119534
380637948208
380505920007
380676323340
380977878717
380660329049
380505759899
380660485458
380984862643
380967368167
380976221545
380981921323
380509513830
380509288018
380666793221
380934160000
380980001177
380953079281
380679101741
380737770191
380675393616
380964067361
380632175735
380661237337
380634398500
380673255546
380638308551
380980604870
380972210203
380639716343
380686584369
380664994443
380933609977
380932603342
