380957228088
380972102425
380963396261
380684829395
380981173898
380979277776
380987901741
380636577171
380931210722
380661238684
380671988274
380683770281
380996343897
380671521212
380734292375
380976930217
380977517354
380638443394
380979238169
380667242652
380972299965
380992359021
380977892247
380974835174
380964020108
380676956600
380506508219
380504724561
380976140157
380679087635
380960924825
380679893224
380674334747
380636898804
380982691189
380939715571
380976354188
380687105239
380677259587
380634039050
380682333048
380663716262
380677998019
380664254615
380938565615
380976970490
380672790984
380978094708
380985276569
380671470193
380965596945
380991207278
380675631285
380675612399
380675640063
380969283727
380978662276
380965050920
380675602796
380994026376
380638905005
380981562767
380671882724
380675622213
380638525045
380675622213
380675622213
380675622213
380675622213
380675622213
380675622213
380675622213
380675622213
380681245470
380638096668
380663678939
380673872157
380675622213
380981912508
380981912508
380675622213
380989509542
380675622213
380675622213
380961089121
380965378359
380986479294
380981912508
380505720930
380677688002
380989509542
380502529004
380981226699
380632508926
380667264900
380950962387
380974566859
380667411183
380997741340
380673163934
380957639619
380934775342
380973300339
380676573460
380981562767
380962506668
380960010050
380660735789
380676385290
380501988906
380994093840
380680241846
380732009623
380662388259
380675433749
380637134979
380687906879
380957708340
380678748288
380933234091
380954066332
380989509542
380989509542
380989509542
380963148999
380676315081
380977976419
380985594941
380675624404
380975808989
380955806315
380981562767
380631902386
380981562767
380676369277
380972881575
380677437239
380966436491
380671803635
380683624739
380630399321
380671600904
380664028092
380637921988
380969330067
380979993214
380679277802
380982146346
380935583552
380987772407
380671175917
380990791469
380679600043
380931211617
380971288422
380932533117
380965692332
380667114179
380677108969
380687255623
380987154139
380967710802
380979991903
380675807922
380508279290
380980131327
380958158455
380675221032
380985551155
380983718957
380682910644
380676338752
380671600986
380668007777
380508777161
380955002905
380990555540
380930487972
380986362670
380676625181
380634072711
380952160000
380669074659
380971699607
380680546036
380970979090
380951800777
380505294567
380960005179
380969357809
380975914761
380930837141
380996010261
380997147095
380677075448
380504212360
380964745110
380663991024
380972047518
380954562745
380971750750
380672723748
380975555965
380679999889
380933808561
380982878549
380675613636
380664880914
380935744007
380961921344
380993644366
380678137363
380505304128
380677700133
380962341422
380933140856
380986124430
380978943467
380673267723
380979292674
380503620876
380969896376
380959200728
380974974371
380984643447
380982361268
380632266050
380672625288
380662875316
380981347908
380978890078
380672445933
380950203226
380673733737
380676362190
380679160950
380675640063
380680861167
380667107666
380959309029
380676368700
380675394425
380667276986
380687453014
380984316489
380679503939
380988548957
380986823842
380960356444
380664058325
380672808820
380969234414
380676368700
380675394425
380993633277
380972590770
380955553229
380934072482
380676312212
380993446141
380733209343
380958243885
380637082070
380662021578
380981981188
380969766555
380966120004
380965596945
380980873669
380984408933
380688688366
380686826313
380505914453
380997247518
380675811334
380977277227
380664080066
380687648326
380676325820
380688007030
380980727044
380935288387
380968198728
380674593724
380986290404
380962463191
380503636279
380934305535
380633079915
380678923669
380976566882
380508092832
380563777777
380634267630
380956178336
380663286370
380634104182
380979851009
380630734007
380673872157
380664246684
380675668996
380504576488
380974164833
380502227116
380957786116
380675622213
380986132174
380675648088
380675622213
380675622213
380637002146
380954981168
380982430031
380981220723
380994798614
380671400393
380676366666
380976078791
380980064292
380965510201
380984207001
380979071117
380983568512
380505119340
380977384028
380666385630
380678443252
380960638543
380967820240
380675110473
380996209377
380968048888
380993887540
380966291968
380684024878
380668026482
380969879430
380987833753
380980620248
380638023978
380985349404
380672183809
380676282500
380676282500
380676282500
380504038358
380990440704
380975140751
380962902463
380981562767
380672861942
380507604442
380995554509
380933894746
380668026326
380967965060
380977199713
380676282500
380678026437
380932599995
380981513079
380633647940
380675604066
380955087288
380962873451
380675416336
380682066168
380976692052
380987978515
380953900675
380632523862
380501826393
380667259760
380675621723
380930118070
380968441936
380933928246
380675670040
380997131850
380969345589
380969909630
380988631194
380995099329
380972739139
380669741228
380685044444
380673179530
380977658898
380967265302
380967426295
380663720534
380675118867
380672986584
380677721059
380957121944
380972050533
380676323739
380990484549
380962075789
380961107779
380667517943
380968760477
380974628978
380976978620
380984842474
380663175103
380675677073
380635911502
380667258555
380986922432
380632601743
380509267336
380684031759
380996794899
380668042709
380663888568
380667238342
380960444313
380509166493
380675225814
380501565379
380978194678
380676324531
380978358059
380954749741
380636467233
380660092761
380974876433
380676341944
380995360022
380672556153
380955366200
380979060606
380676864290
380682496711
380987000701
380675642450
380976930948
380671772272
380995097053
380931866883
380980161731
380688992202
380682210133
380686827124
380731147480
380982561852
380968302002
380675639919
380954725422
380501094599
380679445475
380663611160
380960079669
380676367278
380961077267
380934857817
380666053164
380504805474
380676300962
380688572970
380672880835
380674981398
380985985638
380505726007
380508539530
380505680988
380971703278
380986334888
380685737467
380937765898
380660015725
380504816664
380935979720
380990020706
380991033246
380632121625
380686601815
380981781831
380673004050
380978876325
380935199320
380967850262
380504384444
380677207537
380675912177
380981001002
380675692900
380964785766
380936674471
380934176838
380977967979
380667456765
380675657500
380630603333
380676394579
380673872157
380962317917
380675699972
380968306767
380676889941
380961737355
380637727752
380669456875
380664098373
380958071382
380976567666
380995018608
380678340261
380961392383
380500360114
380634381704
380991385788
380970027323
380501628834
380679425485
380504723031
380505477581
380967838910
380672856520
380507056822
380965751015
380993305666
380672890097
380675624404
380981562767
380981562767
380977075684
380673388288
380677739388
380986919767
380687425137
380665555382
380670077187
380976372696
380673387490
380660329049
380676387178
380971573310
380632353410
380978094370
380995542918
380989727446
380682426868
380676403030
380969337078
380988759278
380674477751
380672818058
380968398947
380990000032
380936818710
380631317955
380986311191
380973610376
380639520100
380981562767
380957446318
380677721151
380675394429
380938133222
380967949999
380985480816
380661530993
380981562767
380981528405
380952430352
380967426182
380963381927
380930604490
380991118360
380959280927
380967642139
380504511661
380983257689
380981562767
380506071106
380686579720
380675666885
380675171664
380632496799
380500730273
380662195440
380931532133
380509451432
380673872157
380977164432
380677795461
380970511035
380635336977
380681878888
380676255505
380665079487
380975441828
380677957973
380676464159
380672501181
380631029669
380930332887
380994776952
380677544466
380980004947
380667708484
380635461251
380966901772
380967764067
380666289828
380660329049
380994503740
380982363717
380989862056
380936517280
380975752383
380730771459
380681878888
380951062657
380662377659
380675673861
380973790224
380664347156
380662278855
380639865109
380687939868
380503403726
380988687694
380931513593
380667771823
380976651134
380980410168
380679730131
380503627044
380983737773
380990731330
380974507116
380985781567
380987539000
380675394549
380671465449
380504805987
380688544602
380961314337
380507416629
380505728350
380932388883
380973070452
380978626554
380675618039
380975332779
380686763200
380952280208
380682420803
380967682322
380931212007
380687656565
380980081786
380678465255
380970839030
380503633638
380676313959
380678717127
380504536611
380994280140
380961290552
380976370230
380971811218
380671601515
380639999946
380686554064
380505475797
380967102550
380500374683
380988102162
380676440014
380972805105
380503200441
380992760412
380984315577
380976469547
380970787571
380954432101
380676328730
380938367949
380637657935
380994055338
380970979210
380936906042
380953474165
380955310007
380675632810
380974182766
380678315387
380999247707
380635677660
380975738037
380954515444
380999583381
380674625239
380630203703
380509069991
380667277593
380633743059
380676282500
380970002211
380967780017
380637961727
380979300279
380984408933
380981247335
380968155196
380632707457
380978316720
380675223350
380676282500
380985166462
380676282500
380676282500
380676336619
380976457596
380957501040
380976457596
380963695309
380996445517
380681437596
380983410151
380500730273
380731767877
380676017914
380505922738
380504844272
380662662336
380955106705
380660329049
380977125758
380981592831
380989145996
380671000859
380506422439
380688567971
380675612964
380635399575
380687510193
380676278123
380671959045
380663115841
380962487972
380995143468
380988760202
380981562767
380958677159
380678939990
380939146794
380962227139
380665690835
380686359848
380505852371
380674566282
380983544818
380977400799
380500730273
380968369908
380681090007
380661848444
380952571403
380666490470
380985640777
380985640777
380967851314
380966400608
380680213644
380675693953
380660910914
380638588480
380961546966
380984303608
380968200893
380668575337
380677254049
380991174252
380631991313
380503666555
380679028540
380956665540
380983498933
380677763874
380980909825
380985731774
380990691233
380672420880
380989509542
380682335533
380981562767
380989509542
380671000859
380688734838
380676874145
380671565555
380981562767
380981562767
380981562767
380675681308
