380682081910
380672631629
380682419125
380683111102
380984880540
380964841432
380509171918
380677635411
380638846602
380961381014
380978777783
380986886842
380933317393
380505758710
380679816144
380935801288
380675446795
380986587232
380675607960
380731334340
380979099924
380982410519
380505786738
380979847893
380986886842
380636675507
380981902107
380984173507
380663625735
380679526495
380938809601
380672986012
380956788279
380503202210
380986861941
380987364044
380675577782
380686404004
380734236869
380967815450
380675394502
380976935599
380685550027
380961159947
380932485169
380976671535
380959382822
380961156056
380679881777
380661863185
380935641850
380671192324
380976908941
380934051351
380688546864
380689323477
380979400560
380672985238
380994634745
380974702447
380636280306
380506090222
380671042397
380671611141
380979728119
380663118812
380663281180
380976359807
380676012677
380673673947
380638329900
380676738911
380687253653
380664836466
380680060890
380633928051
380674477594
380662308993
380931962725
380675674388
380992424725
380678861899
380686965225
380978881326
380687944987
380675675959
380980733447
380978933319
380951348253
380675617613
380958109183
380632239410
380681559858
380936407616
380677267878
380952254399
380976943202
380957590697
380675344486
380964424418
380636862005
380676362523
380675699453
380950027185
380679882193
380677794886
380671839891
380684709795
380684484645
380637960020
380632533336
380985166462
380999779842
380956794762
380505755870
380976944066
380954882244
380675228356
380997699110
380967337589
380966616202
380967337589
380661128806
380675228356
380934078887
380939764150
380969803440
380971553071
380968262196
380677132471
380974185128
380733209153
380665735923
380671189586
380637918343
380636710810
380500730273
380967525527
380968176144
380965514090
380676360355
380995390177
380677316545
380976935599
380672983642
380676312021
380937424308
380731152760
380985166462
380660329049
380961778464
380980006888
380677094713
380676327650
380660329049
380666205000
380972022508
380630225000
380994065499
380930213988
380675396667
380933849631
380632670706
380673872157
380934460955
380507656912
380637340364
380687338878
380963813525
380963813525
380663671307
380963813525
380503402296
380985166462
380987487474
380684141428
380505528528
380989175707
380679135733
380989616996
380956580574
380986871654
380974372435
380673484387
380962152282
380988542678
380962204028
380681811343
380503621313
380503621313
380673981831
380676368883
380631905914
380932120355
380675236213
380689692726
380981562767
380988219574
380671278538
380976180315
380676394040
380677236871
380631237724
380981557530
380504800375
380983575878
380963217790
380979224048
380978210598
380679144625
380631318572
380673981831
380966049367
380976695610
380675772299
380687886195
380938380036
380674370688
380988004567
380980134170
380981508205
380964821962
380971030006
380679209991
380989882120
380989882120
380956585871
380508588735
380976930554
380631718386
380679569866
380679043303
380686170830
380504807582
380676321825
380632242045
380984408933
380677427309
380987176995
380676309843
380676282500
380995519145
380964108853
380963815374
380660394992
380968603131
380672881289
380939661987
380676811095
380673372282
380986886842
380501846041
380968309869
380504886666
380965278991
380635578445
380675392676
380978966690
380671286439
380632934880
380932231917
380663726668
380675639000
380675639000
380999805601
380984337598
380956052210
380503205893
380930004142
380955895935
380987442899
380964758454
380938288520
380976691772
380976668266
380959033819
380673872157
380954891449
380983043439
380964935818
380677856774
380950994528
380986886842
380636566364
380979362435
380731334340
380966467157
380671071037
380981524246
380500116533
380504641111
380979628799
380974018911
380671200010
380954277177
380995470104
380980137150
380993220695
380975181384
380675657400
380985640777
380985640777
380660021870
380635948409
380966370350
380500506937
380683703285
380957128102
380635998272
380675221032
380675243465
380978858006
380671503410
380968441118
380503204090
380950511302
380979902733
380505773934
380959416257
380509371080
380982564082
380971882722
380978259694
380660202400
380671377799
380969728616
380505300043
380967324485
380661942976
380675624404
380981517100
380976805628
380675396411
380675657867
380663784556
380675657867
380675657867
380675657867
380969236609
380975262601
380662865082
380972565951
380675657867
380969736803
380662682883
380676383433
380985656446
380955433248
380675632499
380976996530
380663165775
380503338695
380979709918
380979029420
380968406067
380639491798
380936315626
380676114702
380674169709
380731141429
380993096857
380675643336
380985960514
380955833355
380677051439
380734082601
380935619732
380631779693
380976243994
380634790041
380962331071
380689464796
380506777136
380685600452
380969823889
380977810544
380967456000
380689753950
380503202655
380633600423
380661916391
380678842448
380673039878
380675639715
380978385547
380505900383
380676324118
380970300384
380662972810
380687888235
380676282500
380664064459
3809788052119
380632434696
380671807220
380985166462
380632539222
380675699991
380660329049
380679730436
380505702341
380967502535
380679565539
380675530055
380679565539
380988695151
380961004953
380984417714
380964348684
380978242363
380675603090
380677713636
380986909627
380960390880
380957680649
380989625072
380506041016
380670101013
380988167300
380985166462
380980675315
380977146339
380675645436
380667277593
380678108186
380935008718
380993139806
380679769751
380964563014
380994254807
380686894658
380505640354
380737001985
380509700343
380678677297
380674949011
380969713971
380679950811
380675918780
380930820737
380676330533
380506131518
380985620936
380502808080
380975065252
380736447979
380982636621
380993577394
380671600431
380672445933
380969212715
380632618357
380502755804
380508020480
380988834490
380500730273
380688918898
380500730273
380974183208
380666658436
380985166462
380967566883
380664558841
380972146197
380964693679
380680310387
380505200876
380679056542
380985888688
380676981616
380977523055
380964377717
380953328785
380660477660
380506662366
380957939042
380737022247
380996331158
380672927922
380983403238
380632251571
380958959525
380677694774
380685581866
380669827946
380999139650
380663989996
380679008034
380963596978
380976960271
380673974843
380682448016
380982220522
380631170352
380963471970
380503424170
380976872158
380961377928
380967667007
380676987496
380661591203
380683383105
380664742772
380976765812
380735282205
380675692577
380661436787
380672770510
380671359077
380675673247
380990557994
380662353932
380503204442
380997528069
380973112113
380937208588
380988870448
380500546280
380672807971
380988870448
380971718482
380669844449
380985905151
380502742200
380952892233
380997202112
380636424333
380678315793
380682677545
380976677250
380976767510
380677051439
380677723833
380676338068
380971887887
380676203685
380679349299
380679431388
380682565430
380509436583
380689449066
380980588518
380505692231
380672925405
380676224645
380970999902
380934785590
380973831213
380991270088
380971375144
380965404062
380964848480
380508774494
380979403185
380973577758
380500832735
380976935599
380996498368
380953976353
380963090019
380679160369
380636578864
380973577758
380681064212
380631992818
380679160369
380675875758
380634020590
380971292489
380632803116
380930715693
380676383008
380677778752
380973117112
380686380770
380987303514
380686380770
380673872157
380986917627
380974993840
380682411359
380684304621
380678308095
380970447020
380688043394
380972681466
380958431995
380672030110
380970947225
380967971550
380738878307
380977162809
380975759246
380503206153
380669755305
380675238311
380680058521
380978743650
380666263371
380685543459
380974324761
380977040809
380664974535
380931505923
380969528376
380637131280
380503424544
380631672003
380963062659
380960048008
380955162544
380685495854
380662014684
380974673770
380951009053
380684377966
380977414424
380984520645
380678678192
380662444700
380666187220
380509832740
380973031178
380980505528
380677628108
380979664482
380676061305
380955786390
380964789219
380967302206
380673087930
380962596587
380966754512
380679489240
380502808080
380686434197
380503629634
380956782412
380987161250
380686112137
380985201957
380965394946
380677786959
380680055411
380965310801
380968635513
380968762804
380676496350
380671084500
380972847128
380978711717
380675640646
380677027111
380972247078
380964662888
380978193424
380997741340
380995186446
380633780509
380680060713
380675640646
380966908968
380956865900
380973903330
380664257708
380673262790
380985722567
380667954235
380667914656
380732159800
380500491258
380687449697
380679392292
380930001691
380972905503
380507572458
380660980931
380971991679
380934306928
380986886842
380961712266
380505134241
380663493454
380981562767
380632677900
380637183741
380957314306
380969981740
380983103737
380639982027
380933757080
380636030800
380975962977
380637176454
380681855663
380683599005
380935681488
380503402503
380737778875
380679499993
380993663487
380666158000
380662831153
380975020960
380997714547
380672607572
380997791470
380979087114
380661269990
380669539399
380505281000
380981241538
380980557954
380986351655
380975506154
380672266839
380974790493
380969276196
380980689008
380506430020
380952112233
380996380159
380981562767
380953831973
380974170001
380970895536
380660329049
380503620416
380988965168
380972781843
380988966055
380675625070
380961611466
380983613692
380732035450
380661421745
380677627864
380631167347
380671729704
380956522207
380965038071
380675659465
380972725390
380969785613
380984615281
380974438483
380731204763
380989522613
380509329101
380676345790
380977538455
380681847397
380505926111
380961611576
380503622822
380507469291
380983300100
380978725317
380986597878
380989509542
380967335246
380676176833
380955841345
380636458375
380934459088
380985101710
380935662399
380964834422
380679729915
380674572763
380667375952
380504538101
380668007777
380637066027
380958865882
380672768023
380960804478
380686892818
380679704733
380996205055
380958741145
380686770707
380679796996
380632946959
380978156342
380962113767
380664386480
380959137557
380675602643
380958474008
380974372925
380731311213
380978005609
380632471958
380966052280
380679237043
380957945442
380969501830
380958387524
380968413290
380677516132
