380675607133
380633503580
380686822624
380992953033
380689522923
380503201340
380637097757
380662859072
380984408933
380687877427
380731132930
380985166462
380672925405
380970970048
380965979262
380507417733
380672815151
380672447574
380980238338
380976472477
380684088465
380669268288
380675668506
380504530276
380636764132
380991990298
380959005630
380937812379
380735409999
380679740211
380981231299
380983679151
380964593939
380634792730
380679160369
380956582863
380677454149
380661847867
380682445585
380979273597
380979273597
380972576947
380689717647
380994683591
380966168445
380954909067
380974274729
380634128384
380677207076
380989848781
380689737860
380680330026
380937825042
380507418822
380678888481
380971028302
380964113379
380676023939
380968830385
380674756967
380933296683
380983543749
380675116951
380675393262
380996376272
380685671667
380685929292
380634232999
380673599215
380936696099
380672459998
380663444383
380955683051
380635929408
380661217137
380938380851
380677774690
380636870622
380676805440
380670119032
380979795464
380679813260
380679221548
380676386722
380973570940
380682358001
380662831068
380968442838
380972433657
380937576372
380980689100
380968341373
380631949494
380977384118
380688561119
380509411388
380939794899
380688549964
380501731400
380738788825
380507587311
380675643787
380683591200
380960638543
380679945077
380683593152
380503428202
380671973335
380992814675
380676322367
380672650887
380990076260
380978824532
380951786391
380663608095
380500834555
380508583368
380986886842
380676377100
380683718454
380938752694
380988915645
380973963851
380679955417
380663747145
380660072326
380964421198
380672661099
380665969011
380685727913
380985826843
380976378162
380958085273
380958386133
380997273732
380675191955
380996293110
380504202430
380675600701
380674351219
380678404428
380678404428
380969105892
380982234775
380979039988
380980982762
380679305656
380675642967
380509874782
380730168471
380679882193
380666009071
380675617910
380664064441
380992553900
380676400845
380632103576
380990001137
380676321266
380988425171
380507274064
380981223830
380672925405
380503206189
380675640251
380678650917
380677685035
380637725362
380671043097
380675617910
380677602411
380959280927
380982137777
380984650767
380687647799
380679753006
380996426971
380636942766
380970670620
380951118253
380665500824
380980648467
380631504637
380671670535
380968450014
380969730202
380961050205
380632793846
380986182210
380676367573
380505958275
380957762509
380675658445
380675617910
380505958275
380982960165
380685311053
380987198221
380965883498
380506888030
380675220452
380505969298
380963030902
380505793239
380676373607
380997014575
380682441000
380676828387
380639999967
380979502882
380507030572
380930504008
380951354393
380676506305
380671044954
380937389243
380669069097
380957897855
380973330180
380675658445
380984069729
380504516317
380662083792
380688505814
380500730273
380981562767
380972555512
380988229052
380983184308
380500730273
380689154377
380959352000
380677574222
380682660990
380670105655
380507736221
380994110807
380979667195
380688850114
380688735735
380981512665
380974758000
380679581554
380950272157
380677300067
380964730936
380976761646
380670115038
380972108210
380635347307
380666059102
380987906348
380686110135
380675691271
380679491252
380633374034
380665082265
380962113643
380671000859
380678984848
380677879374
380638437156
380981921323
380954441236
380683902100
380981521572
380966719191
380979950143
380973115610
380502182610
380506934346
380973451313
380679482199
380680558963
380966001734
380981921323
380677887680
380502656675
380679541684
380966354840
380930805369
380979674961
380986886842
380977388627
380662219876
380507708613
380932061264
380939369697
380664226825
380679001858
380505500026
380676395979
380990082777
380676340120
380972696373
380683488737
380979103291
380633822897
380667869553
380979657238
380981562767
380981562767
380981562767
380930884151
380663034663
380962021092
380974511229
380676113163
380679743506
380663692946
380972974739
380968890503
380667076318
380989172159
380951502226
380969058730
380962884710
380675694009
380977361170
380999489816
380952223683
380980879326
380688837171
380974183646
380983476852
380995302125
380976146439
380684003750
380985962108
380672938915
380509222932
380964819866
380674925692
380679026080
380979390453
380968613321
380677777895
380977770799
380974312381
380668844588
380688727290
380737731112
380635843164
380676111491
380632811282
380986886842
380664158622
380675282919
380977659400
380993315255
380935464969
380978896160
380509044380
380986886842
380953117170
380934318259
380502497977
380959104062
380994949445
380971713475
380966631486
380935219647
380957711130
380971540779
380666010804
380631405542
380500432542
380950379708
380981562767
380966163378
380930988054
380672553845
380502672292
380675631988
380983022061
380961744486
380667796765
380965276102
380950322022
380675618764
380501655279
380672032025
380978135717
380980969402
380935811125
380731363592
380675679499
380977011530
380976872037
380677330887
380675235406
380676339050
380996055598
380968403132
380971517541
380505163722
380980077001
380675608500
380962409820
380962440582
380638498225
380688944271
380675232188
380981925322
380992411447
380933798471
380976078004
380506062682
380964216848
380509609778
380563777777
380563777777
380662763959
380563777777
380676922299
380955334414
380966475099
380677642554
380672099622
380980333876
380506632639
380979366901
380964568484
380973196689
380980437345
380672453232
380663330116
380504723031
380961887756
380675230071
380504812810
380675603090
380504723031
380687478380
380967847005
380736925152
380689234503
380980746700
380974305902
380955526286
380969017106
380995171444
380683004276
380675654738
380682704641
380678926377
380965864733
380686156911
380505634442
380973048948
380501503501
380634309779
380508799587
380638502499
380670770020
380987557285
380981551255
380979965654
380681442121
380674530363
380987066252
380667054950
380675633241
380503421999
380982503833
380635927479
380633935999
380934298212
380981551573
380635983767
380738478222
380991201220
380664076992
380960027727
380503277518
380964300820
380957048315
380965111191
380976999333
380666385630
380675622213
380983777663
380667288951
380675918558
380504531135
380689227375
380981915651
380986124661
380662683349
380676331780
380507737003
380661301433
380938752695
380504561067
380676859767
380988224488
380975947871
380660329049
380633743059
380660329049
380507798522
380954047592
380933272838
380633743059
380993899434
380671246672
380996114200
380989495012
380672771439
380678274777
380676251488
380989824365
380502043385
380967339485
380968370737
380675600374
380675622213
380673974054
380661099633
380502808080
380985084888
380675695242
380992967643
380976904449
380737849608
380976800553
380676371573
380999139624
380936400065
380505619474
380999474729
380502202028
380672162375
380663040428
380969108585
380981005720
380981562767
380994690001
380979639438
380977780077
380666985280
380675609040
380633066142
380509997080
380688774110
380976295236
380984884049
380676314146
380987229080
380679923210
380671400393
380686892259
380970674921
380502808080
380987228875
380974566859
380980336733
380681850484
380972450221
380970999110
380981562767
380979756699
380676203070
380507180890
380974206036
380676520556
380660923398
380932552550
380992685858
380982138136
380661640546
380504157566
380639689999
380660150005
380978543499
380974639996
380981951075
380676377878
380981522499
380999854486
380633669585
380667611223
380965478719
380504528458
380672633198
380937301788
380967443647
380635179992
380637671397
380981222722
380994192537
380675238170
380981562767
380503209019
380973270342
380672632922
380956007742
380675012383
380990944491
380991220003
380954455456
380970438298
380676385335
380637615659
380981562767
380669594519
380960384778
380504530931
380981562767
380675654092
380672571354
380986574529
380987505498
380675601039
380689472140
380968230633
380975832585
380689446926
380975997503
380677597772
380675623555
380938374334
380977446727
380676346550
380975594169
380689341677
380676383749
380934747875
380502808080
380973381165
380992544126
380997245921
380962851515
380502808080
380980253259
380671626339
380679312614
380678888481
380500461931
380981245960
380968888488
380978458180
380631911765
380507701416
380675648363
380635917021
380963936056
380981562767
380981562767
380981562767
380965854142
380665628226
380999226441
380675640931
380677232174
380672625288
380501374707
380995626726
380636643157
380668821632
380956995617
380969004981
380979495703
380639756939
380994662635
380634104777
380637094134
380661228841
380676333137
380958717202
380994530692
380635604806
380987939053
380983032929
380678888481
380678838650
380666757706
380676315913
380675128216
380638871554
380631040100
380972128319
380972380282
380660993334
380635717785
380680005050
380678830446
380678830446
380951987950
380971064176
380509088088
380666066222
380684237056
380968643738
380995385357
380673293737
380962952999
380952234534
380634996563
380931417442
380985469887
380980346535
380979600909
380957828771
380958700490
380983719999
380673350305
380963006513
380689703616
380961013783
380664852444
380664049302
380677915156
380985166462
380731142344
380972368571
380934121654
380637982169
380680639339
380675688246
380954145977
380679332582
380673872157
380950085523
380635377087
380969212715
380669467899
380676270811
380661432316
380503421591
380989509542
380632285538
380964965073
380974998100
380973288302
380999522592
380672247676
380956625652
380972713640
380676402010
380982785335
380503624112
380955132197
380971162487
380960208324
380677697684
380974998100
380981514387
380504806002
380952142571
380966991551
380984681446
380679135186
380509201162
380663674844
380506074909
380975998244
380676391453
380968125932
380660111125
380962273478
380669216550
380684661759
380687756062
380682571896
380985640777
380675674452
380935632626
380677077798
380671400393
380671400393
380669366119
380960202155
380986369241
380681447723
380686443779
380974883633
380509991666
380934677407
380980112551
380990554598
380635058488
380982007430
380660818051
380673214791
380675640099
380956933755
380971743430
380660460589
380973039393
380985159596
380988751926
380634572315
380954783642
380968695570
380507559535
380976751202
380666364351
380506609660
380507669915
380501501441
