380673185167
380675695278
380987774401
380955787912
380966784350
380676303883
380674530363
380672825354
380667336436
380980146005
380986948271
380985019138
380504201028
380931575231
380964568484
380989509542
380673277347
380950480725
380500329531
380676319509
380683383247
380639438189
380999828582
380661068579
380985134034
380995183248
380500170159
380676336564
380677756698
380977147445
380509336509
380984922929
380675651427
380638837520
380672863467
380990691233
380979153913
380960326412
380936909575
380688911863
380508435941
380966402118
380684110680
380672335907
380934046761
380675631127
380996870385
380937522353
380500674150
380664096104
380979190091
380689935299
380930658636
380968641510
380952055234
380675232188
380675232188
380660329049
380676017914
380672445933
380503202950
380986945704
380975178070
380667646605
380978823269
380978041623
380979874987
380967399499
380671506867
380661810855
380673672810
380981993737
380980865755
380931209974
380666611621
380970747007
380673662820
380673906871
380662302970
380509124580
380931321969
380930828228
380502111674
380681126178
380934306928
380637049493
380676781377
380675678836
380670077187
380506060130
380934941842
380978282744
380987185124
380504524749
380638907182
380984389119
380676308142
380663937018
380737138302
380968754848
380676369497
380931175011
380979320647
380984330267
380675116893
380676369497
380972475800
380983759841
380502809678
380687687813
380674946366
380985515913
380971637314
380687464981
380979152270
380968067357
380503424722
380968751655
380955118310
380961037866
380968913193
380957235974
380634024397
380679150173
380675519170
380971153973
380968890503
380968890503
380671605545
380505326558
380673373757
380637816221
380505153530
380962051944
380979160278
380982087813
380980668947
380672925405
380688887853
380993137216
380969389729
380967903973
380973799805
380664771427
380974552633
380970177023
380972272703
380675249494
380990383177
380687300757
380994118821
380685476299
380951544344
380675674387
380660555546
380676278705
380672864456
380985694114
380663687873
380974824010
380994610776
380677662164
380957097259
380968250876
380985141467
380972560387
380974316986
380669890413
380981247335
380671400393
380637252425
380665708857
380951165000
380988233434
380988233434
380938962206
380671403678
380983853776
380962322353
380984319044
380668697488
380688953712
380509055197
380957959542
380957850258
380630410009
380679944556
380965775435
380660910692
380505907594
380675650163
380933531684
380974161691
380675234040
380985055405
380965550999
380678324363
380977270847
380679937915
380675397507
380991197464
380984408933
380503204803
380730671729
380984408933
380964887373
380672154881
380978094695
380679172685
380967277774
380950645104
380674380159
380637127718
380974953794
380637127718
380677908307
380933016260
380660329049
380939770009
380676372622
380961368603
380634075292
380950413329
380667704118
380675635319
380973907990
380973650566
380981984775
380506356003
380675636511
380689070203
380958959525
380989835755
380964868029
380675236274
380984341281
380500730273
380680279030
380980393792
380664822292
380668407192
380637477575
380638607973
380672257733
380979726273
380957505053
380675660809
380985166462
380973794221
380986886842
380981294331
380668011020
380734261847
380637132159
380981543440
380930085941
380731147262
380973804747
380508777011
380985166462
380985166462
380972550555
380980357276
380973013653
380969201104
380971679677
380679535383
380973199474
380636793158
380976732487
380675354324
380503454443
380632053480
380508852573
380675357955
380671320909
380679227133
380979160380
380500730273
380662217652
380936645565
380675225767
380675670040
380678001313
380688947512
380508010807
380957611990
380977272720
380675277636
380676353015
380955553728
380937259110
380673855020
380675622213
380966941400
380667277593
380663921866
380977953969
380674509440
380504815156
380671565555
380978770976
380999778867
380671565555
380682569218
380638407899
380974504002
380957827155
380956534698
380680230505
380675601530
380986812802
380668032555
380979916000
380668032555
380504815156
380669574840
380507417733
380962735510
380950741808
380987735550
380983631464
380931212111
380631192250
380669262035
380966789545
380980617989
380677678118
380730736371
380968853606
380633595063
380957818892
380502304313
380972801859
380961040904
380504886666
380688715071
380684077076
380977793580
380679632974
380506520655
380631288014
380977165778
380930071668
380987666340
380989737774
380994592400
380509932782
380987003906
380662060488
380680174174
380680132394
380976439798
380966289367
380685588781
380960976671
380983461576
380979280059
380506155580
380967653338
380677340828
380506560229
380977494442
380980049949
380969708229
380502808080
380975060637
380502808080
380969057320
380678751366
380964099865
380981701171
380667796096
380965427535
380967329992
380679999888
380731006935
380955483408
380952037681
380934545192
380973971222
380635730795
380636900380
380675462846
380972272703
380973147401
380670075077
380639979851
380676368461
380973710660
380683379169
380673931508
380984232800
380974731520
380965040464
380997717215
380978104643
380963683348
380934227282
380676374964
380987000701
380974222000
380676332924
380966251110
380936104576
380963389080
380966294760
380965902337
380507770451
380995378865
380679785391
380981921323
380974458934
380966677977
380661661638
380963286189
380975468298
380509079099
380967407630
380968580056
380979056687
380987823950
380636607005
380972272703
380631750935
380661685829
380935698999
380984408933
380675393232
380661429585
380671172191
380986110144
380679118445
380672925405
380968916350
380679532327
380669132823
380661263240
380976486349
380985796216
380970164941
380675628184
380664857186
380981562767
380958151215
380636712912
380972565535
380989006214
380635240919
380986845312
380677625542
380977989528
380968305168
380660329049
380976041946
380666619182
380680454744
380677923490
380985170811
380667869553
380733098046
380974545352
380967456000
380679321400
380981562767
380502550472
380933571334
380506311399
380960389869
380968377648
380731132930
380951732345
380967526089
380688521258
380984140363
380500730273
380501015597
380982908084
380976094199
380500730273
380934531029
380505906120
380975863735
380976299553
380981562767
380984731155
380682752600
380954889966
380672331852
380960415199
380950688826
380686113776
380965506363
380674979822
380939200158
380955687913
380961345575
380666694600
380631270662
380980580763
380956589142
380974997277
380631932682
380631624350
380633686560
380675612964
380977283858
380677035969
380963045939
380934699806
380676387973
380986044101
380660018747
380988856685
380503213868
380677772706
380501891510
380507656912
380986460386
380967825050
380957063973
380967456000
380984347419
380672566155
380679221548
380670052000
380639908999
380980808514
380966627730
380962008190
380931533620
380672673947
380666235883
380981519807
380502883676
380676284550
380679024898
380992308715
380985238760
380664686826
380967812325
380984332684
380687976014
380675645896
380673872157
380673872157
380507362735
380975456879
380999499044
380976763628
380976763628
380966027601
380502899116
380683383208
380732069959
380680059912
380987036006
380984918301
380667111938
380681760007
380500163827
380637973567
380660329049
380981562767
380981562767
380979462827
380675638938
380667853310
380981562767
380987285808
380981562767
380677627251
380951508495
380972590770
380954187269
380969124152
380986965253
380952335251
380674284060
380978308288
380977230327
380969020332
380675695278
380965588529
380500528148
380967112609
380671344008
380970312457
380631013193
380633719062
380934637790
380963813525
380967984501
380976879730
380974835543
380968695570
380971439424
380677226471
380500359203
380982560090
380930696309
380967500845
380739753859
380972682211
380660351311
380685738581
380662831068
380678869748
380674251614
380931172374
380673028915
380675647858
380977313553
380639702618
380964147677
380977517381
380968404949
380975376927
380663692161
380673039109
380974071104
380933753501
380688386809
380930297742
380662887655
380633938345
380978172343
380672522945
380667244024
380955038096
380509760051
380986886842
380986886842
380959060553
380675696858
380961737355
380980180344
380984465566
380964749880
380957117141
380685606066
380665813570
380939898989
380953042345
380939898989
380962288318
380660092098
380957910142
380994154770
380675635459
380667916202
380977744805
380956780607
380959240530
380679543049
380679759903
380669773647
380635696582
380984408933
380930905299
380996004405
380666447964
380999524449
380508584476
380962763233
380677057745
380975011202
380505533221
380981555609
380680090438
380632845363
380671602449
380635526145
380675877153
380988100307
380677904337
380686378130
380974726657
380503201715
380677733786
380662854555
380932602907
380991205012
380986589949
380677959797
380968700156
380637095826
380961988943
380963390909
380674375897
380660350945
380666117846
380992242923
380636059256
380934454338
380677343868
380990801846
380965734695
380956736946
380675185355
380681231237
380503209897
380676384327
380502689298
380985105486
380505558455
380973622208
380934565666
380505698555
380972590770
380972590770
380955668710
380950421388
380951749198
380675622213
380679762932
380953214767
380979361824
380964739007
380965040645
380955806315
380675665229
380660555518
380674569811
380677239839
380667101383
380984938578
380675562772
380979878951
380970935313
380954723967
380668962886
380955675016
380990148615
380667184696
380952126865
380991333019
380676304182
380973294141
380972322952
380675691164
380683902100
380674034667
380676705949
380731158003
380988668064
380938070618
380503424544
380737058989
380969747955
380688364104
380974010380
380637858216
380661121924
380675637115
380507394397
380662632750
380674247471
380934857815
380976848321
380632006866
380687444437
380635167789
380969664840
380988995543
380955755373
380631491655
380999524449
380985517813
380952248884
380968464578
380990134703
380966592759
380636380683
380503400060
380501312778
380662095136
380676325026
380682614164
380965310811
380992477296
380973453002
380504592555
380972273952
380990247775
380960107428
380508755337
380952171918
380667256110
380968371556
380934349318
380933519404
380967746579
380994373742
380675672386
380664635509
380979817624
380675669001
380968216027
380938127771
380671861455
