380996423626
380503686598
380958101973
380989942883
380678033423
380979818184
380506082929
380673872157
380974382727
380660015000
380505581218
380683848200
380677817717
380979518810
380988723788
380503220306
380674925051
380979284907
380976981898
380675612964
380972158076
380989081217
380662217652
380503150203
380671052059
380675595665
380984332684
380968892266
380663411983
380981562767
380984414287
380969090264
380663209214
380676368001
380504516251
380660389145
380635350456
380508572319
380660828717
380665922166
380953464598
380679141251
380676140300
380983883329
380985238913
380638659884
380960007288
380671040527
380993882701
380668570002
380666335708
380962721010
380664241800
380972786871
380979155333
380957493951
380981912508
380660795304
380989882048
380986334888
380671000859
380685648589
380500703703
380677516344
380638498225
380687208158
380676387117
380679596479
380981053363
380663854957
380972121724
380506089351
380671000859
380505469745
380972717188
380986993816
380662239881
380933381624
380633350001
380975515719
380677366880
380680285189
380675618039
380632040693
380665763063
380678296169
380505578488
380503201715
380963199823
380981723491
380987777466
380506913121
380505949531
380980965465
380676906309
380733041482
380509591734
380676301212
380675634192
380977877707
380503420992
380663361840
380663962933
380675122008
380967598519
380664874251
380983481465
380936522061
380953903545
380968220239
380672963882
380635556326
380674505864
380957551608
380674215005
380634381704
380965462363
380979321578
380631702008
380973619736
380664325150
380960507711
380675617910
380686188786
380505673473
380505673473
380502371954
380675667589
380675667589
380675667589
380635965608
380678994781
380979217248
380977162391
380982561539
380665620809
380980335806
380503403290
380673982157
380676304945
380676074892
380667100027
380951213635
380676317477
380973655050
380971500113
380966709999
380968048888
380977770799
380661228841
380965763277
380979984497
380675628649
380987200400
380980775587
380677251798
380680562676
380980775587
380966780088
380988595460
380980035152
380967506706
380975563457
380679150688
380675142785
380976258006
380687752852
380507729049
380974314451
380990957599
380632418933
380969890296
380985766511
380968509580
380676991249
380665384222
380977564564
380635600100
380673747777
380675783636
380676383303
380961755833
380969086012
380676373627
380675698615
380676329473
380973695450
380673981831
380677770831
380660000806
380961755833
380676352515
380989412361
380976000381
380953830030
380939755838
380679843063
380663456027
380973479513
380689575430
380680219512
380688972525
380503209463
380502808080
380508423333
380984058376
380731152760
380662826341
380502808080
380731132728
380675622213
380689237201
380508524060
380939212735
380973572228
380677377903
380985244012
380968802288
380992983611
380677409947
380633100360
380675622213
380633530476
380952429418
380999622132
380506982569
380502808080
380951508582
380975634764
380635897266
380971712175
380661463546
380934116061
380965073636
380666298449
380989509542
380989509542
380989509542
380989509542
380502808080
380668801353
380666634369
380977427514
380662565669
380501749044
380689148733
380930142881
380661995436
380672574343
380962343608
380961009558
380987058554
380676017914
380660329049
380993592928
380987985832
380972841542
380955409292
380938036772
380980192884
380505614651
380988198196
380966906105
380675654738
380634271592
380669451781
380994554808
380688668877
380676371533
380991965139
380507729049
380675632703
380963880243
380675632703
380675640251
380960303399
380503421974
380736000252
380966717223
380988870448
380506040003
380672925405
380675621351
380633743059
380977273525
380968575454
380976661337
380961700268
380637070489
380631768759
380988989717
380676845470
380672925405
380672758094
380965547411
380669566609
380983875003
380980701986
380968218548
380736006065
380965212310
380679105137
380953600136
380960985786
380982374010
380935539373
380981562767
380976706544
380664034938
380973919039
380952351027
380955479477
380686943223
380675681174
380632362717
380996674709
380938960303
380675599569
380999049222
380985458044
380993830999
380981950785
380977970574
380973853653
380972607461
380979790009
380501844557
380503632313
380687690017
380979155941
380967325501
380666516915
380992720292
380976854900
380992720292
380986334888
380632707457
380500848863
380632707457
380676226999
380680302111
380683600230
380507838679
380988100307
380986334888
380974206005
380974601446
380675536838
380958926514
380966717223
380969411742
380633688868
380953870485
380973886636
380636239345
380988760612
380957767989
380664077956
380673151034
380677493707
380950657955
380976508605
380971700582
380503420448
380673578323
380676310525
380676017914
380981319133
380675148221
380676017914
380635578096
380980537909
380673872157
380955725205
380673872157
380981562767
380669520222
380986318425
380999127127
380632466241
380982594149
380663692007
380967141404
380671629864
380677617566
380969629036
380964370008
380677106328
380676319606
380501569305
380981562767
380508183735
380664889392
380981562767
380633846036
380673023451
380955107301
380666697981
380676226220
380961095157
380988699219
380734220242
380981785308
380677549479
380977946529
380981958757
380986633368
380986301120
380676351748
380680391508
380960787070
380673686866
380679129501
380676447990
380962837798
380632791167
380677898723
380996678301
380956931695
380676339050
380962428550
380503289279
380979797122
380675641000
380678380739
380952479978
380503289279
380688297232
380665708857
380988838858
380667855155
380973587779
380973221032
380636627319
380731435735
380662294285
380984895851
380931950909
380676300962
380684059048
380982123220
380978571385
380963040504
380972224499
380980072626
380992374288
380676612071
380972334413
380670101811
380506722606
380636364619
380675116951
380937207154
380977517988
380668640820
380992720292
380673751127
380509248829
380684018620
380991192878
380939233965
380987864653
380974768234
380663354003
380667326500
380685476299
380677691451
380683500800
380960963325
380966393606
380677734450
380675685721
380632322850
380974276909
380966393606
380981529343
380983050777
380680088277
380987753282
380962433050
380661228841
380966079153
380500275838
380677654123
380666181318
380958879282
380737273732
380688704030
380677644763
380686598930
380675605980
380964461235
380979489527
380966657565
380636511985
380686660909
380675396767
380675396767
380981599265
380631133869
380976366306
380686811881
380637441573
380962718020
380963007158
380971438657
380935075070
380635254425
380665594235
380637725178
380688728791
380985347184
380979794948
380970139840
380503266414
380965357488
380968695570
380631293187
380961260365
380975363592
380988135235
380504449497
380666207813
380954112803
380994222034
380962934073
380954845549
380682433003
380669208922
380665734009
380987871896
380953673337
380981523165
380633116055
380932716468
380687226150
380501334452
380736223358
380677474720
380668838461
380939808856
380666607055
380501455787
380974096088
380638022762
380981566674
380677459330
380675622213
380684227977
380667521825
380689738540
380738850414
380962077798
380676023939
380967696868
380671331401
380679038309
380673872157
380673872157
380930688866
380686887026
380979147677
380954624582
380689660719
380986174318
380507513746
380676376282
380969876869
380662195611
380504801213
380675242027
380974726334
380632827523
380509499212
380673688981
380675797484
380967328200
380969971882
380979251825
380957951299
380987628067
380663468024
380982222716
380633850655
380673791161
380676300946
380974163532
380632737284
380976431299
380996083153
380972455906
380503686693
380984346587
380670771049
380509808967
380975943204
380676877722
380632046272
380985921495
380969328979
380675607955
380996509291
380968459255
380976099710
380674272215
380685816197
380972330888
380931899345
380684910490
380974215198
380974404188
380955163388
380674182222
380731651419
380679119950
380993671355
380938167000
380501717088
380677800256
380999485559
380979884260
380679300080
380504527218
380666120780
380980800837
380679296460
380980979211
380667156045
380673151491
380675115977
380984476646
380636350943
380990842042
380933955311
380987994326
380950512264
380979865568
380677024329
380671000859
380671000859
380507539324
380993630083
380672501110
380675038000
380989951959
380684262698
380675323665
380983489464
380506553342
380984920333
380972896020
380971670120
380979094092
380967456000
380684263199
380966796368
380953003014
380983333933
380679808949
380633551055
380675696133
380977168767
380663611855
380672498939
380959050105
380679700749
380678960168
380502550472
380673587769
380986305322
380991330388
380676335873
380687226857
380997622818
380966412021
380675691439
380932264428
380675676688
380994843730
380636317814
380987426672
380939294555
380970994646
380661227440
380631313143
380968778024
380665557050
380675337070
380675448923
380660083681
380630710101
380986311027
380505480882
380676111496
380508773692
380983614549
380677303720
380961883383
380675685803
380962892513
380670100101
380675638985
380994905654
380983738213
380982593315
380676255281
380969295604
380679160540
380677813552
380506078758
380677795577
380987880421
380677373404
380676767711
380971782625
380979237966
380630626622
380671013377
380681119260
380677148580
380976650475
380676302456
380632798233
380676302456
380986787480
380986886842
380962555557
380676339956
380677663022
380992037129
380956739746
380987114470
380677090114
380985159596
380957777055
380982187766
380732444267
380984111289
380631833389
380980106069
380955076871
380964729399
380688750451
380983526707
380507627019
380676948282
380970474275
380977137371
380949116779
380971605061
380980921810
380982340434
380973626361
380639444696
380673024121
380661106117
380966668620
380503422426
380961382323
380963682775
380504449497
380505684585
380675668386
380977770799
380980690609
380631449239
380673951999
380688916509
380677920885
380506364983
380981562767
380680230505
380984708455
380992073404
380985436290
380675622213
380938358129
380675632654
380676291313
380672943776
380979296915
380979632837
380668315019
380982408891
380671400393
380683380356
380960787070
380969343355
380990897145
380503621313
380682448144
380982691189
380987810933
380964219141
380675231814
380731333021
380660034769
380987858243
380686380770
380665171121
380933070302
