380957568494
380977214104
380662728087
380974566859
380954842996
380963271225
380666642091
380959129001
380507137152
380962267691
380992378024
380676317799
380509121541
380930073728
380997566922
380961737919
380677454149
380663963027
380677180000
380661595175
380997258524
380508050282
380500852025
380984398277
380673355345
380971090716
380987912183
380684877147
380975848664
380633974152
380979493128
380501996768
380676632777
380978311323
380672765230
380962346104
380679539892
380673383008
380978210598
380972905434
380636077855
380664034938
380992957440
380682323739
380630675214
380983582400
380507838679
380932120355
380688871234
380671557234
380677454149
380971750939
380632021251
380973951932
380931211617
380968078198
380968078198
380507819700
380632513738
380682419534
380976763628
380974729352
380676383749
380939890317
380962466640
380684229801
380979383156
380678866577
380951817277
380504827120
380979458708
380992986499
380685225767
380638070614
380675602265
380985577492
380675641171
380990317971
380978064700
380666353968
380960100397
380636852790
380676433434
380508871366
380931544678
380934215071
380680966036
380999825851
380687918748
380983448044
380973626361
380960005179
380506830344
380969919950
380680082814
380661654826
380974619070
380686447221
380501097071
380665662292
380980677646
380964065850
380675391132
380676427777
380508520208
380958113319
380994841269
380986085659
380985601325
380969705969
380981324415
380977284359
380986886842
380503621313
380970850085
380983996700
380660281942
380935825038
380675695278
380984606859
380981552097
380954736577
380675622213
380981324415
380979203691
380664836770
380982414190
380675624404
380634207021
380980359577
380989413817
380674262256
380672762014
380950004555
380993542057
380634999222
380506091359
380995307313
380961927381
380638117760
380674277520
380977892247
380985011649
380984550324
380675612964
380978866827
380671000010
380671259554
380980899888
380675612964
380677514040
380974743497
380978747165
380677687587
380637127740
380984759631
380952248884
380991193628
380992234671
380688850114
380989040909
380502886760
380674426018
380631079967
380502168179
380979963322
380992731040
380632267125
380660329049
380662814630
380676330400
380502043385
380963544778
380676368700
380979965608
380688387833
380973032028
380685671667
380961167876
380676347871
380678138320
380985077771
380982092339
380686866800
380971913844
380979153042
380977316865
380978148587
380960015566
380950910002
380974747036
380676282500
380501008313
380967392318
380985633334
380983116501
380990283959
380982322566
380678920603
380675230909
380637738402
380673175706
380981969039
380635198788
380956953433
380938112235
380637475701
380667780150
380981562767
380986101015
380973575749
380504529550
380930792864
380968102766
380673972887
380939093565
380989054082
380980678224
380505615039
380675435759
380954241734
380981562767
380686918044
380988666190
380981562767
380981562767
380976945847
380986759943
380985166462
380990800089
380637069194
380677740706
380639963998
380634513843
380992192537
380975349061
380977810544
380966990550
380677795117
380994473321
380676301622
380931578257
380981538794
380666009337
380675659443
380959116268
380508532005
380504564241
380675622213
380973666778
380957909407
380664312247
380991953499
380935447222
380678760961
380982340847
380661219965
380967541468
380677994004
380689730767
380509705578
380665248572
380670070509
380675230599
380986886842
380990040497
380953314828
380936181909
380957154531
380999358111
380993150480
380970490460
380676306644
380662285959
380971026506
380971652747
380675640671
380677190713
380999106518
380999489882
380665403153
380505671065
380979090233
380938103888
380679352825
380684798081
380970375505
380631846790
380665383998
380502152363
380983824983
380957869621
380972706472
380687748191
380676339050
380688491215
380685586557
380993183823
380960380708
380671158118
380977800714
380991192890
380985968168
380677377333
380676326752
380661131035
380676363202
380951539399
380675602223
380960267331
380504449497
380508186818
380986148861
380990006554
380667424447
380676447979
380967067030
380985166462
380676282500
380673872157
380966438034
380507559535
380988511936
380671197772
380986344138
380967276688
380971606651
380989509542
380683141488
380675660771
380679747143
380688890806
380981779855
380961337907
380684539645
380937163744
380970411401
380985595068
380989509542
380983700200
380972519091
380677494322
380679821862
380506140702
380963675429
380953023865
380675694939
380965649426
380689744515
380504475321
380676369497
380975425000
380677500006
380675674387
380638529284
380671318877
380664875320
380632396820
380981562767
380969844723
380981562767
380677031140
380637577747
380503624112
380962319000
380994525315
380633914380
380965513172
380671378107
380671876580
380660711101
380992958560
380671227127
380676367772
380973337937
380675240444
380970098000
380664085521
380931815312
380931136666
380675618039
380973735082
380633743059
380661433028
380673684152
380682246529
380660202394
380682246529
380682246529
380679008034
380999740906
380632028166
380952055189
380631436743
380965296567
380661284669
380984389119
380670080017
380686505130
380678397932
380664096752
380984422906
380934784415
380975917711
380963740606
380664064441
380959011018
380977274812
380952309000
380671590003
380630408107
380509578541
380989896396
380671515333
380680029884
380679530546
380677584335
380677581827
380678381919
380677889458
380983363324
380681296464
380681099868
380991244970
380974299379
380964700344
380972688299
380679180719
380632287128
380956984453
380990731306
380979320343
380687356546
380970450133
380676306644
380678550153
380962171936
380504510102
380985463149
380678866179
380671223739
380677755555
380677755555
380677755555
380631765965
380979282607
380979273411
380672841224
380675128741
380675798359
380930633949
380500368887
380968414249
380509203900
380669531440
380671000859
380986419745
380678000807
380734180670
380973074062
380677488316
380987574827
380668470070
380684123093
380677488316
380679174684
380987285453
380965700023
380993798919
380675000234
380984354609
380662851761
380930335427
380664177794
380677355382
380976879376
380502202028
380995081029
380638434970
380951576509
380973333637
380672805070
380687861584
380970691698
380983719999
380502808080
380939797665
380505941742
380969054083
380962868810
380974787338
380665221122
380982125444
380961389409
380689904499
380985166462
380986739746
380990987650
380955403662
380979256628
380678270193
380967456000
380689507189
380677302534
380676380411
380676075767
380973079727
380985166462
380675621668
380975285894
380981562767
380508666761
380981585904
380637893739
380663614503
380675679355
380501862011
380689219998
380965764535
380506872492
380986026712
380968448617
380501501441
380671177350
380936882780
380677742343
380661291035
380967745766
380660329049
380970600700
380661865372
380985166462
380981543440
380993576934
380676594132
380980723078
380976816284
380500730273
380993247572
380996335405
380506201137
380931305359
380500730273
380662729907
380968793805
380932551288
380671770295
380665784286
380963374466
380972620186
380964001116
380969303555
380684052773
380969303555
380974021589
380973834949
380990562021
380675600415
380501941755
380671562034
380981912508
380975993732
380976667166
380671604482
380983265075
380732194050
380963672524
380964771576
380952338039
380660329049
380679154741
380661573381
380676336900
380962975972
380733408131
380638821639
380988987973
380950905021
380507042744
380982007430
380970501999
380508897177
380505673473
380955552060
380663977040
380689719642
380960301221
380985166462
380507444021
380668783870
380977271824
380981562767
380993852076
380957742259
380964267443
380981562767
380981562767
380676309313
380688575365
380981562767
380997860985
380666363637
380676377676
380638984212
380666059299
380676315523
380671208247
380676301181
380632468714
380985166462
380963434544
380965050931
380986802970
380504213435
380666183868
380958064588
380968469305
380962341444
380687993880
380684225087
380504173020
380684263344
380674937042
380973128395
380680560222
380976440700
380675638040
380985166462
380632353410
380633558000
380677794762
380976535959
380676337671
380661614780
380687805057
380985640777
380966888895
380968585543
380959050321
380961959911
380632193199
380986188926
380978292230
380677533209
380638097233
380676332301
380974130222
380671182563
380676708080
380989949900
380964848961
380730785033
380675935677
380675644224
380977147987
380687680803
380988060615
380976940667
380965981432
380961660272
380675571383
380683453127
380984174951
380963370232
380970179557
380955675910
380632172707
380676382550
380957366555
380979770077
380985782726
380986509696
380960267333
380673512657
380986046738
380981008851
380916033580
380664864179
380684318131
380675681833
380505109793
380988570089
380676275860
380683003535
380668003437
380954563133
380992415539
380675602451
380673387424
380976772756
380636257399
380954925352
380965208357
380961140679
380681806513
380504202674
380985915773
380675615853
380673095510
380687338795
380633823992
380955077554
380988981720
380666245555
380507836795
380992163525
380961419191
380954110114
380956010140
380665587089
380679637069
380952300511
380978271391
380673951999
380678015380
380966666766
380673737979
380933978000
380969250788
380737770800
380968987070
380663628891
380676369297
380976987540
380668789997
380952283594
380990437680
380971347104
380956052210
380677869820
380675447575
380673164214
380983967933
380677892748
380980299073
380979363490
380734355515
380663525677
380970074242
380957134740
380972837575
380976296679
380684903885
380637982169
380981980007
380678485282
380967080422
380980786083
380676255505
380678419208
380971461418
380974882925
380674629646
380988200971
380973130848
380965462479
380989544444
380985166462
380673159627
380931976856
380679070033
380676366230
380963827399
380676343440
380963154419
380676305094
380961228832
380980421404
380984325880
380671000859
380980029902
380965462479
380684077177
380636298075
380632453852
380677094713
380963512652
380683543552
380954722389
380981562767
380956503383
380737337878
380677000185
380980920343
380660477660
380676319682
380985166462
380963379472
380504867033
380977967890
380985330912
380985132345
380675636816
380672445933
380676813097
380678727098
380985166462
380672770261
380999117975
380507729049
